log
{"logType": "PLS1", "non_domines_approx": [[1, 0, 0, 1, 1, 1, 1, 1, 1, 0, 1, 0, 0, 1, 0, 1, 0], [1, 1, 0, 1, 1, 1, 0, 1, 1, 0, 1, 0, 0, 1, 0, 1, 0], [1, 0, 0, 1, 1, 1, 0, 1, 1, 0, 1, 0, 0, 1, 1, 1, 0], [1, 1, 0, 1, 1, 1, 0, 1, 1, 0, 1, 1, 0, 1, 0, 0, 0], [1, 0, 0, 1, 1, 1, 0, 1, 1, 0, 1, 1, 0, 1, 0, 1, 0], [1, 1, 0, 1, 1, 0, 1, 1, 1, 0, 1, 0, 0, 1, 0, 1, 0], [1, 0, 0, 1, 1, 0, 1, 1, 1, 0, 1, 0, 0, 1, 1, 1, 0], [1, 0, 0, 1, 1, 1, 0, 1, 1, 0, 1, 0, 1, 1, 0, 1, 0], [1, 0, 0, 1, 1, 1, 1, 1, 1, 0, 1, 0, 0, 0, 1, 1, 0], [1, 0, 0, 1, 1, 1, 0, 1, 1, 0, 1, 0, 0, 1, 0, 1, 1], [1, 1, 0, 1, 1, 1, 1, 1, 1, 0, 1, 0, 0, 0, 0, 1, 0], [1, 1, 0, 1, 1, 1, 0, 1, 1, 0, 0, 1, 0, 1, 0, 1, 0], [1, 1, 0, 1, 1, 1, 0, 1, 1, 0, 1, 0, 0, 1, 1, 0, 0], [1, 1, 0, 1, 1, 0, 0, 1, 1, 0, 1, 1, 0, 1, 0, 1, 0], [1, 0, 0, 1, 1, 1, 0, 1, 1, 0, 1, 1, 0, 1, 1, 0, 0], [1, 0, 0, 1, 1, 0, 0, 1, 1, 0, 1, 1, 0, 1, 1, 1, 0], [1, 1, 0, 1, 1, 0, 0, 1, 1, 0, 1, 1, 0, 1, 1, 0, 0], [1, 1, 1, 1, 0, 1, 0, 1, 1, 0, 1, 1, 0, 1, 0, 0, 0], [1, 0, 0, 1, 1, 1, 0, 1, 1, 0, 1, 1, 1, 1, 0, 0, 0], [1, 0, 0, 1, 1, 0, 0, 1, 1, 0, 1, 1, 1, 1, 0, 1, 0], [1, 0, 1, 1, 0, 1, 0, 1, 1, 0, 1, 1, 0, 1, 0, 1, 0], [1, 1, 0, 1, 1, 0, 1, 1, 1, 0, 1, 0, 0, 1, 1, 0, 0], [1, 1, 1, 1, 0, 1, 0, 1, 1, 0, 0, 1, 0, 1, 0, 1, 0], [1, 0, 1, 1, 0, 1, 0, 1, 1, 0, 1, 1, 0, 1, 1, 0, 0]], "fonction_de_voisinage": "voisinage", "objets": {"0": [394, 783, 840, 906, 823], "1": [911, 198, 798, 820, 509], "2": [768, 278, 335, 100, 429], "3": [477, 629, 554, 933, 862], "4": [513, 952, 365, 941, 208], "5": [636, 717, 916, 493, 460], "6": [607, 17, 142, 736, 15], "7": [138, 804, 243, 318, 232], "8": [401, 130, 157, 821, 610], "9": [998, 219, 109, 181, 509], "10": [839, 613, 513, 844, 734], "11": [637, 524, 296, 23, 757], "12": [972, 293, 494, 281, 717], "13": [527, 770, 771, 380, 892], "14": [891, 284, 400, 762, 720], "15": [807, 919, 353, 830, 584], "16": [949, 526, 70, 158, 371]}, "W": 5732, "execution_time": 0.11712901699999989, "n": 17, "p": 4}

Evaluations
[[4854, 5420, 6334, 7202], [5510, 5914, 6515, 7286], [5112, 6125, 6601, 7228], [5453, 6087, 6120, 6479], [5008, 6162, 6489, 6841], [4736, 5469, 5815, 7529], [4338, 5680, 5901, 7471], [5206, 6122, 6610, 6747], [4483, 5248, 5848, 7584], [4782, 5776, 6624, 6843], [4881, 5037, 5762, 7642], [5293, 5937, 6426, 6465], [5557, 5880, 6050, 7218], [4890, 6211, 6322, 6816], [5055, 6206, 6298, 6421], [4492, 6408, 6422, 6758], [4937, 5687, 6347, 6748], [5423, 5446, 5638, 6308], [5149, 5940, 6215, 6295], [4586, 6277, 6417, 6419], [4978, 5648, 6167, 6383], [4783, 5180, 5605, 7461], [5263, 5624, 5752, 6158], [5025, 5532, 5580, 6519]]

solution_optimale_estimee
[5510, 5914, 6515, 7286]

nb_question
3

valeur_sol_estimee
5905.204439627879

decideur
[0.4484013448535084, 0.2865860276166274, 0.24803987292124213, 0.016972754608622114]

solution_optimale
[5510, 5914, 6515, 7286]

valeur_sol_optimale
5905.204439627879

duree
19.73892092704773

gap(%)
0.0