log
{"logType": "PLS1", "non_domines_approx": [[1, 0, 0, 1, 1, 1, 0, 1, 1, 0, 1, 1, 0, 1, 1, 0, 0], [1, 0, 0, 1, 1, 1, 0, 1, 1, 0, 1, 0, 0, 1, 1, 1, 0], [1, 1, 0, 1, 1, 1, 0, 1, 1, 0, 1, 0, 0, 1, 1, 0, 0], [1, 1, 0, 1, 1, 1, 0, 1, 1, 0, 1, 0, 0, 1, 0, 1, 0], [1, 1, 0, 1, 1, 1, 0, 1, 1, 0, 1, 1, 0, 1, 0, 0, 0], [1, 0, 0, 1, 1, 1, 0, 1, 1, 0, 1, 1, 0, 1, 0, 1, 0], [1, 1, 0, 1, 1, 0, 0, 1, 1, 0, 1, 1, 0, 1, 1, 0, 0], [1, 0, 1, 1, 0, 1, 0, 1, 1, 0, 1, 1, 0, 1, 1, 0, 0], [1, 1, 0, 1, 1, 1, 0, 1, 1, 0, 0, 1, 0, 1, 1, 0, 0], [1, 0, 0, 1, 1, 0, 0, 1, 1, 0, 1, 1, 0, 1, 1, 1, 0], [1, 0, 0, 1, 0, 1, 1, 1, 1, 0, 1, 1, 0, 1, 1, 0, 0], [1, 0, 0, 1, 1, 1, 0, 1, 1, 0, 0, 1, 0, 1, 1, 1, 0], [1, 0, 0, 1, 1, 1, 0, 1, 1, 0, 1, 1, 1, 1, 0, 0, 0], [1, 0, 0, 1, 1, 1, 1, 1, 1, 0, 1, 0, 0, 1, 1, 0, 0], [1, 0, 0, 1, 0, 1, 1, 1, 1, 0, 1, 0, 0, 1, 1, 1, 0], [1, 0, 0, 1, 1, 0, 1, 1, 1, 0, 1, 0, 0, 1, 1, 1, 0], [1, 0, 0, 1, 1, 1, 0, 1, 1, 0, 1, 0, 1, 1, 0, 1, 0], [1, 0, 0, 1, 1, 1, 1, 1, 1, 0, 1, 0, 0, 0, 1, 1, 0], [1, 1, 0, 1, 1, 1, 0, 1, 1, 0, 0, 0, 0, 1, 1, 1, 0], [1, 0, 0, 1, 1, 1, 0, 1, 1, 0, 1, 0, 0, 1, 0, 1, 1], [1, 1, 0, 1, 1, 0, 1, 1, 1, 0, 1, 0, 0, 1, 1, 0, 0], [1, 1, 0, 1, 1, 0, 1, 1, 1, 0, 1, 0, 0, 1, 0, 1, 0], [1, 1, 0, 1, 1, 1, 0, 1, 1, 0, 0, 1, 0, 1, 0, 1, 0], [1, 1, 0, 1, 1, 1, 1, 1, 1, 0, 1, 0, 0, 0, 0, 1, 0], [1, 1, 0, 1, 1, 0, 0, 1, 1, 0, 1, 1, 0, 1, 0, 1, 0], [1, 1, 1, 1, 0, 1, 0, 1, 1, 0, 1, 1, 0, 1, 0, 0, 0], [1, 0, 0, 1, 1, 0, 0, 1, 1, 0, 1, 1, 1, 1, 0, 1, 0], [1, 0, 0, 1, 1, 1, 0, 1, 1, 0, 0, 1, 0, 1, 0, 1, 1], [1, 0, 1, 1, 0, 1, 0, 1, 1, 0, 1, 1, 0, 1, 0, 1, 0], [1, 0, 0, 1, 1, 0, 0, 1, 1, 0, 1, 1, 0, 1, 0, 1, 1], [1, 1, 0, 1, 1, 0, 0, 1, 1, 0, 0, 1, 0, 1, 1, 1, 0], [1, 0, 1, 1, 0, 1, 0, 1, 1, 0, 0, 1, 0, 1, 1, 1, 0], [1, 1, 0, 1, 0, 1, 1, 1, 1, 0, 0, 1, 0, 1, 1, 0, 0], [1, 0, 0, 1, 0, 0, 1, 1, 1, 0, 1, 1, 0, 1, 1, 1, 0], [1, 0, 0, 1, 0, 1, 1, 1, 1, 0, 1, 1, 1, 1, 0, 0, 0], [1, 0, 0, 1, 1, 1, 1, 1, 1, 0, 1, 0, 0, 1, 0, 0, 1], [1, 0, 0, 1, 1, 0, 1, 1, 1, 0, 0, 0, 0, 1, 1, 1, 1], [1, 1, 0, 1, 1, 0, 1, 1, 1, 0, 0, 0, 0, 1, 1, 1, 0], [1, 1, 1, 1, 0, 1, 0, 1, 1, 0, 0, 1, 0, 1, 0, 1, 0]], "fonction_de_voisinage": "voisinage", "objets": {"0": [394, 783, 840, 906, 823, 623], "1": [911, 198, 798, 820, 509, 443], "2": [768, 278, 335, 100, 429, 269], "3": [477, 629, 554, 933, 862, 375], "4": [513, 952, 365, 941, 208, 43], "5": [636, 717, 916, 493, 460, 572], "6": [607, 17, 142, 736, 15, 539], "7": [138, 804, 243, 318, 232, 37], "8": [401, 130, 157, 821, 610, 782], "9": [998, 219, 109, 181, 509, 214], "10": [839, 613, 513, 844, 734, 661], "11": [637, 524, 296, 23, 757, 181], "12": [972, 293, 494, 281, 717, 609], "13": [527, 770, 771, 380, 892, 50], "14": [891, 284, 400, 762, 720, 846], "15": [807, 919, 353, 830, 584, 389], "16": [949, 526, 70, 158, 371, 788]}, "W": 5732, "execution_time": 0.5646962060000007, "n": 17, "p": 5}

Evaluations
[[4170, 5055, 6206, 6298, 6421], [4378, 5112, 6125, 6601, 7228], [4432, 5557, 5880, 6050, 7218], [3975, 5510, 5914, 6515, 7286], [3767, 5453, 6087, 6120, 6479], [3713, 5008, 6162, 6489, 6841], [4041, 4937, 5687, 6347, 6748], [4396, 5025, 5532, 5580, 6519], [3952, 5340, 5791, 6073, 6397], [3987, 4492, 6408, 6422, 6758], [4666, 4832, 5271, 6105, 6216], [3898, 4895, 6148, 6407, 6512], [3933, 5149, 5940, 6215, 6295], [4528, 4901, 5556, 5699, 7134], [4874, 4889, 5666, 5932, 7023], [4338, 4345, 5680, 5901, 7471], [4141, 5206, 6122, 6610, 6747], [4483, 4867, 5248, 5848, 7584], [4160, 5397, 5900, 6186, 7204], [4320, 4782, 5776, 6624, 6843], [4399, 4783, 5180, 5605, 7461], [3942, 4736, 5469, 5815, 7529], [3495, 5293, 5937, 6426, 6465], [4464, 4881, 5037, 5762, 7642], [3584, 4890, 6211, 6322, 6816], [3993, 5423, 5446, 5638, 6308], [3750, 4586, 6277, 6417, 6419], [3840, 4565, 5799, 5803, 6754], [3939, 4978, 5648, 6167, 6383], [3929, 4162, 6073, 6154, 6650], [3769, 4777, 5993, 6197, 6734], [4124, 4865, 5566, 5838, 6369], [4448, 4856, 5117, 5880, 6192], [4269, 4483, 5473, 6229, 6553], [4429, 4926, 5280, 5735, 6102], [4470, 4571, 5207, 5941, 6530], [3895, 4472, 5317, 5814, 6785], [4127, 4623, 5455, 5486, 7447], [3721, 5263, 5624, 5752, 6158]]

solution_optimale_estimee
[4432, 5557, 5880, 6050, 7218]

nb_question
3

valeur_sol_estimee
5322.312904703355

decideur
[0.43006993470560007, 0.2124675420878397, 0.15553518024903326, 0.11686438238504678, 0.08506296057248015]

solution_optimale
[4432, 5557, 5880, 6050, 7218]

valeur_sol_optimale
5322.312904703355

duree
85.26452898979187

gap(%)
0.0