log
{"logType": "PLS1", "non_domines_approx": [[1, 0, 0, 1, 1, 1, 0], [1, 0, 0, 1, 1, 0, 1], [1, 0, 0, 0, 1, 1, 1], [1, 0, 0, 1, 0, 1, 1]], "fonction_de_voisinage": "voisinage", "objets": {"0": [394, 783, 840, 906, 823, 623], "1": [911, 198, 798, 820, 509, 443], "2": [768, 278, 335, 100, 429, 269], "3": [477, 629, 554, 933, 862, 375], "4": [513, 952, 365, 941, 208, 43], "5": [636, 717, 916, 493, 460, 572], "6": [607, 17, 142, 736, 15, 539]}, "W": 2153, "execution_time": 0.0012117030000000084, "n": 7, "p": 5}

Evaluations
[[1613, 2353, 2675, 3081, 3273], [1580, 1901, 1908, 2381, 3516], [1506, 1777, 2263, 2469, 3076], [2109, 2146, 2160, 2452, 3068]]

solution_optimale_estimee
[1613, 2353, 2675, 3081, 3273]

nb_question
2

valeur_sol_estimee
2560.0950804053355

decideur
[0.21834674344326077, 0.20993484398578252, 0.20097080652359006, 0.19337878495221142, 0.17736882109515512]

solution_optimale
[1613, 2353, 2675, 3081, 3273]

valeur_sol_optimale
2560.0950804053355

duree
0.18977689743041992

gap(%)
0.0

real_opt
2655.248274717688

real_gap
3.5835893471193287

real_solution_opt
[3081, 2675, 3273, 2353, 1613]