log
{"logType": "PLS1", "non_domines_approx": [[1, 0, 0, 1, 0, 1, 0, 1, 1], [1, 0, 0, 1, 1, 0, 0, 1, 1], [1, 0, 0, 1, 1, 1, 0, 1, 0], [1, 1, 0, 1, 0, 0, 0, 1, 1], [1, 0, 1, 1, 0, 1, 0, 1, 0], [0, 0, 0, 1, 1, 1, 0, 1, 1], [1, 0, 0, 1, 1, 1, 0, 0, 1], [1, 0, 0, 0, 1, 1, 0, 1, 1], [1, 0, 0, 0, 0, 1, 1, 1, 1], [1, 0, 0, 1, 1, 0, 1, 0, 1]], "fonction_de_voisinage": "voisinage", "objets": {"0": [394, 783, 840, 906, 823, 623], "1": [911, 198, 798, 820, 509, 443], "2": [768, 278, 335, 100, 429, 269], "3": [477, 629, 554, 933, 862, 375], "4": [513, 952, 365, 941, 208, 43], "5": [636, 717, 916, 493, 460, 572], "6": [607, 17, 142, 736, 15, 539], "7": [138, 804, 243, 318, 232, 37], "8": [401, 130, 157, 821, 610, 782]}, "W": 2422, "execution_time": 0.029541646000000032, "n": 9, "p": 5}

Evaluations
[[2389, 2710, 2987, 3063, 3471], [1860, 2159, 2735, 3298, 3919], [1650, 2585, 2918, 3591, 3885], [2260, 2544, 2592, 3036, 3798], [1876, 2750, 2806, 2888, 3211], [1809, 2235, 2372, 3232, 3506], [2395, 2832, 2963, 3211, 4094], [2057, 2333, 2521, 3386, 3479], [2140, 2298, 2451, 2553, 3274], [2058, 2362, 2511, 2518, 4337]]

solution_optimale_estimee
[2395, 2832, 2963, 3211, 4094]

nb_question
1

valeur_sol_estimee
2882.63865304296

decideur
[0.28973098784887436, 0.26745014823598495, 0.22644841682607092, 0.14209869999739874, 0.07427174709167096]

solution_optimale
[2395, 2832, 2963, 3211, 4094]

valeur_sol_optimale
2882.63865304296

duree
0.9250190258026123

gap(%)
-1.4210854715202004e-14

real_opt
3531.843095035345

real_gap
18.381463290511434

real_solution_opt
[3211, 2832, 4094, 2963, 2395]