log
{"logType": "PLS1", "non_domines_approx": [[1, 0, 0, 1, 0, 1], [1, 0, 0, 1, 1, 0], [0, 0, 0, 1, 1, 1], [1, 1, 0, 1, 0, 0], [1, 0, 0, 0, 1, 1], [1, 1, 0, 0, 1, 0]], "fonction_de_voisinage": "voisinage", "objets": {"0": [394, 783, 840, 906, 823], "1": [911, 198, 798, 820, 509], "2": [768, 278, 335, 100, 429], "3": [477, 629, 554, 933, 862], "4": [513, 952, 365, 941, 208], "5": [636, 717, 916, 493, 460]}, "W": 1849, "execution_time": 0.0016859570000000157, "n": 6, "p": 4}

Evaluations
[[2129, 2145, 2310, 2332], [1759, 1893, 2364, 2780], [1530, 1835, 2298, 2367], [1610, 2192, 2194, 2659], [1491, 2121, 2340, 2452], [1540, 1933, 2003, 2667]]

solution_optimale_estimee
[2129, 2145, 2310, 2332]

nb_question
1

valeur_sol_estimee
2212.47636701194

decideur
[0.3000988509445673, 0.2853671186722133, 0.23817795702769895, 0.17635607335552056]

solution_optimale
[2129, 2145, 2310, 2332]

valeur_sol_optimale
2212.47636701194

duree
0.26338720321655273

gap(%)
0.0