log
{"logType": "PLS1", "non_domines_approx": [[1, 0, 0, 1, 1, 1, 0, 1], [1, 0, 0, 1, 1, 0, 1, 1]], "fonction_de_voisinage": "voisinage", "objets": {"0": [394, 783, 840, 906, 823], "1": [911, 198, 798, 820, 509], "2": [768, 278, 335, 100, 429], "3": [477, 629, 554, 933, 862], "4": [513, 952, 365, 941, 208], "5": [636, 717, 916, 493, 460], "6": [607, 17, 142, 736, 15], "7": [138, 804, 243, 318, 232]}, "W": 2222, "execution_time": 0.0007879120000000017, "n": 8, "p": 4}

Evaluations
[[2585, 2918, 3591, 3885], [2140, 2144, 3185, 3834]]

solution_optimale_estimee
[2585, 2918, 3591, 3885]

nb_question
1

valeur_sol_estimee
2842.28790111653

decideur
[0.5599833228971731, 0.29512103972510756, 0.09983582892165352, 0.04505980845606582]

solution_optimale
[2585, 2918, 3591, 3885]

valeur_sol_optimale
2842.28790111653

duree
0.018937110900878906

gap(%)
1.4210854715202004e-14