log
{"logType": "PLS1", "non_domines_approx": [[1, 0, 0, 1, 1, 1, 0, 1, 1, 0, 1, 0, 0, 1, 1], [1, 0, 0, 1, 1, 1, 1, 1, 1, 0, 1, 0, 0, 1, 0], [1, 0, 0, 1, 1, 1, 0, 1, 1, 0, 1, 1, 0, 1, 0], [1, 1, 0, 1, 1, 1, 0, 1, 1, 0, 1, 0, 0, 1, 0], [1, 0, 0, 1, 0, 1, 1, 1, 1, 0, 1, 0, 0, 0, 1], [1, 0, 0, 1, 1, 0, 1, 1, 1, 0, 1, 0, 0, 1, 1], [1, 0, 0, 1, 1, 1, 0, 1, 1, 0, 0, 1, 0, 1, 1], [1, 0, 0, 1, 1, 0, 0, 1, 1, 0, 1, 1, 0, 1, 1], [1, 1, 0, 1, 1, 0, 1, 1, 1, 0, 1, 0, 0, 1, 0], [1, 1, 0, 1, 1, 0, 0, 1, 1, 0, 1, 1, 0, 1, 0], [1, 1, 0, 1, 1, 1, 0, 1, 1, 0, 0, 1, 0, 1, 0], [1, 0, 1, 1, 0, 1, 0, 1, 1, 0, 1, 1, 0, 1, 0], [1, 1, 0, 1, 0, 1, 0, 1, 1, 0, 1, 0, 0, 0, 1], [1, 0, 0, 1, 0, 1, 0, 1, 1, 0, 1, 1, 0, 0, 1], [1, 0, 0, 1, 1, 1, 1, 1, 1, 0, 0, 1, 0, 0, 1], [1, 0, 0, 1, 0, 0, 1, 1, 1, 0, 1, 0, 1, 0, 1], [1, 0, 0, 1, 0, 1, 0, 1, 1, 0, 1, 0, 1, 0, 1], [1, 1, 0, 0, 0, 1, 1, 1, 1, 0, 1, 0, 0, 0, 1], [1, 0, 0, 0, 1, 1, 1, 1, 1, 0, 1, 0, 0, 0, 1], [1, 0, 1, 1, 0, 1, 1, 1, 1, 0, 0, 0, 0, 1, 1], [1, 1, 0, 1, 0, 0, 1, 1, 1, 0, 1, 0, 0, 0, 1], [1, 0, 0, 1, 0, 1, 1, 0, 1, 0, 1, 0, 0, 1, 1], [1, 0, 0, 1, 1, 1, 1, 0, 1, 0, 1, 0, 0, 0, 1], [1, 0, 0, 1, 0, 1, 1, 1, 1, 0, 0, 1, 0, 1, 1], [1, 1, 0, 1, 0, 1, 0, 1, 0, 0, 1, 0, 0, 1, 1], [1, 1, 0, 0, 0, 1, 0, 1, 1, 0, 1, 0, 0, 1, 1], [1, 1, 0, 0, 1, 1, 0, 1, 1, 0, 1, 0, 0, 0, 1], [1, 1, 0, 1, 0, 1, 0, 1, 1, 0, 1, 0, 1, 0, 0], [1, 0, 0, 1, 0, 1, 0, 0, 1, 0, 1, 1, 0, 1, 1], [1, 0, 0, 1, 0, 0, 0, 1, 1, 0, 1, 1, 1, 0, 1], [1, 0, 0, 1, 1, 1, 0, 0, 1, 0, 1, 1, 0, 0, 1], [1, 0, 1, 1, 1, 1, 1, 1, 1, 0, 0, 0, 0, 0, 1], [1, 0, 0, 1, 0, 0, 0, 1, 1, 0, 1, 0, 1, 1, 1], [1, 0, 0, 0, 1, 1, 0, 1, 1, 0, 1, 0, 1, 0, 1], [1, 0, 0, 0, 0, 1, 0, 1, 1, 0, 1, 0, 1, 1, 1], [1, 0, 0, 0, 1, 1, 1, 0, 1, 0, 1, 0, 0, 1, 1], [1, 0, 0, 1, 0, 1, 1, 0, 1, 0, 1, 0, 1, 1, 0], [1, 1, 0, 1, 0, 1, 1, 0, 1, 0, 0, 0, 0, 1, 1], [1, 0, 0, 1, 0, 0, 1, 0, 1, 0, 1, 1, 0, 1, 1], [1, 1, 0, 1, 0, 1, 1, 0, 1, 0, 1, 0, 0, 1, 0], [1, 1, 0, 1, 1, 1, 1, 0, 1, 0, 0, 0, 0, 0, 1], [1, 1, 0, 1, 1, 1, 1, 0, 1, 0, 1, 0, 0, 0, 0], [1, 0, 0, 1, 1, 0, 1, 0, 1, 0, 1, 1, 0, 0, 1], [1, 0, 0, 1, 1, 1, 1, 0, 1, 0, 1, 0, 1, 0, 0], [1, 1, 0, 1, 0, 1, 0, 0, 1, 0, 1, 1, 0, 1, 0], [1, 1, 0, 1, 1, 1, 0, 0, 1, 0, 0, 0, 0, 1, 1]], "fonction_de_voisinage": "voisinage", "objets": {"0": [394, 783, 840, 906, 823, 623], "1": [911, 198, 798, 820, 509, 443], "2": [768, 278, 335, 100, 429, 269], "3": [477, 629, 554, 933, 862, 375], "4": [513, 952, 365, 941, 208, 43], "5": [636, 717, 916, 493, 460, 572], "6": [607, 17, 142, 736, 15, 539], "7": [138, 804, 243, 318, 232, 37], "8": [401, 130, 157, 821, 610, 782], "9": [998, 219, 109, 181, 509, 214], "10": [839, 613, 513, 844, 734, 661], "11": [637, 524, 296, 23, 757, 181], "12": [972, 293, 494, 281, 717, 609], "13": [527, 770, 771, 380, 892, 50], "14": [891, 284, 400, 762, 720, 846]}, "W": 4854, "execution_time": 0.213862228, "n": 15, "p": 5}

Evaluations
[[3989, 4759, 5541, 5682, 6398], [3682, 4501, 4836, 5415, 6372], [3324, 4655, 5578, 5659, 5922], [3586, 5157, 5330, 5596, 6456], [3765, 3977, 4435, 4456, 5813], [3956, 3985, 4982, 5096, 6641], [3509, 4542, 5564, 5577, 5593], [3598, 4139, 5489, 5838, 5928], [3553, 4383, 4885, 4896, 6699], [3195, 4537, 5403, 5627, 5986], [3106, 4940, 5353, 5507, 5635], [3550, 4625, 4818, 5248, 5799], [4158, 4339, 4421, 4950, 5897], [3919, 4077, 4484, 5100, 5198], [3913, 3998, 4687, 4840, 5933], [3343, 3553, 4472, 4713, 5601], [4117, 4253, 4505, 5158, 5358], [3546, 4009, 4103, 4503, 5700], [3576, 3802, 4103, 4300, 5821], [4093, 4358, 4412, 5043, 5449], [3458, 3647, 4306, 4505, 6140], [3943, 4293, 4448, 5116, 5875], [3887, 4125, 4432, 4441, 6436], [4005, 4319, 4658, 5371, 5372], [3607, 4798, 5035, 5232, 5456], [4014, 4299, 4638, 4980, 5344], [4007, 4232, 4296, 4481, 5905], [4102, 4167, 4515, 4947, 5416], [4090, 4447, 4450, 5162, 5858], [3497, 4060, 4114, 4888, 5455], [4041, 4083, 4632, 5174, 5723], [3952, 4086, 4359, 4594, 6010], [3972, 3983, 4306, 5245, 5590], [3928, 4173, 4504, 4576, 5366], [4180, 4334, 4394, 4805, 5188], [4104, 4116, 4266, 4462, 5883], [3952, 4211, 4387, 5113, 5394], [3528, 4230, 4578, 4891, 5851], [3673, 3750, 4057, 5405, 5413], [3857, 4045, 4691, 4905, 5933], [3710, 4172, 4207, 4223, 6412], [4038, 4039, 4221, 4285, 6494], [3267, 3932, 4050, 4729, 5966], [3981, 4134, 4204, 4429, 5955], [3687, 4364, 4845, 5220, 5647], [3734, 4463, 4801, 5084, 6056]]

solution_optimale_estimee
[3989, 4759, 5541, 5682, 6398]

nb_question
1

valeur_sol_estimee
4811.485640643432

decideur
[0.3596203579432118, 0.28173293678076167, 0.1835271601279799, 0.14126516404751885, 0.0338543811005278]

solution_optimale
[3989, 4759, 5541, 5682, 6398]

valeur_sol_optimale
4811.485640643432

duree
36.74868726730347

gap(%)
0.0

real_opt
6355.791648186308

real_gap
24.297618503330895

real_solution_opt
[5682, 4759, 6398, 5541, 3989]