log
{"logType": "PLS1", "non_domines_approx": [[1, 0, 0, 1, 0, 1], [1, 0, 0, 1, 1, 0], [0, 0, 0, 1, 1, 1], [1, 1, 0, 1, 0, 0], [1, 0, 0, 0, 1, 1], [1, 1, 0, 0, 1, 0]], "fonction_de_voisinage": "voisinage", "objets": {"0": [394, 783, 840, 906], "1": [911, 198, 798, 820], "2": [768, 278, 335, 100], "3": [477, 629, 554, 933], "4": [513, 952, 365, 941], "5": [636, 717, 916, 493]}, "W": 1849, "execution_time": 0.0018955779999999811, "n": 6, "p": 3}

Evaluations
[[2129, 2310, 2332], [1759, 2364, 2780], [1835, 2298, 2367], [1610, 2192, 2659], [2121, 2340, 2452], [1933, 2003, 2667]]

solution_optimale_estimee
[2121, 2340, 2452]

nb_question
2

valeur_sol_estimee
2287.0013445360423

decideur
[0.3746889045215851, 0.3658627506010096, 0.2594483448774053]

solution_optimale
[2121, 2340, 2452]

valeur_sol_optimale
2287.0013445360423

duree
0.48707008361816406

gap(%)
0.0