log
{"logType": "PLS1", "non_domines_approx": [[1, 0, 0, 1, 1, 1, 0, 1, 1, 0], [1, 1, 0, 1, 1, 0, 0, 1, 1, 0], [1, 0, 0, 1, 1, 0, 0, 1, 1, 1], [1, 0, 1, 1, 0, 1, 0, 1, 1, 0]], "fonction_de_voisinage": "voisinage", "objets": {"0": [394, 783, 840, 906, 823], "1": [911, 198, 798, 820, 509], "2": [768, 278, 335, 100, 429], "3": [477, 629, 554, 933, 862], "4": [513, 952, 365, 941, 208], "5": [636, 717, 916, 493, 460], "6": [607, 17, 142, 736, 15], "7": [138, 804, 243, 318, 232], "8": [401, 130, 157, 821, 610], "9": [998, 219, 109, 181, 509]}, "W": 2921, "execution_time": 0.0031909809999999816, "n": 10, "p": 4}

Evaluations
[[3075, 3195, 4015, 4412], [2957, 3244, 3496, 4739], [2268, 3244, 3517, 4100], [3045, 3341, 3416, 3571]]

solution_optimale_estimee
[3075, 3195, 4015, 4412]

nb_question
2

valeur_sol_estimee
3586.607762068382

decideur
[0.3350952615393896, 0.23886219815259432, 0.2183238743117039, 0.20771866599631214]

solution_optimale
[3075, 3195, 4015, 4412]

valeur_sol_optimale
3586.607762068382

duree
0.38546299934387207

gap(%)
0.0