log
{"logType": "PLS1", "non_domines_approx": [[1, 0, 0, 1, 1, 0, 0, 1, 1, 0, 1], [1, 0, 0, 1, 1, 1, 1, 1, 1, 0, 0], [1, 0, 0, 1, 0, 1, 0, 1, 1, 0, 1], [1, 0, 1, 1, 1, 1, 0, 1, 1, 0, 0], [1, 0, 0, 1, 1, 1, 0, 1, 0, 0, 1], [1, 0, 0, 1, 1, 1, 0, 0, 1, 0, 1], [1, 0, 0, 1, 0, 0, 0, 1, 1, 1, 1], [1, 0, 0, 1, 1, 0, 1, 0, 1, 0, 1], [1, 1, 0, 1, 1, 0, 0, 1, 0, 0, 1], [1, 1, 0, 1, 0, 0, 0, 1, 1, 0, 1], [1, 1, 0, 0, 0, 1, 0, 1, 1, 0, 1], [1, 1, 0, 1, 0, 1, 0, 1, 1, 0, 0], [1, 0, 0, 0, 0, 1, 1, 1, 1, 0, 1], [1, 1, 0, 1, 1, 1, 0, 1, 0, 0, 0], [1, 1, 0, 1, 1, 1, 0, 0, 1, 0, 0], [1, 1, 0, 1, 1, 0, 1, 0, 1, 0, 0], [1, 1, 0, 0, 0, 0, 1, 1, 1, 0, 1], [1, 1, 1, 1, 0, 1, 0, 1, 0, 0, 0]], "fonction_de_voisinage": "voisinage", "objets": {"0": [394, 783, 840, 906, 823, 623], "1": [911, 198, 798, 820, 509, 443], "2": [768, 278, 335, 100, 429, 269], "3": [477, 629, 554, 933, 862, 375], "4": [513, 952, 365, 941, 208, 43], "5": [636, 717, 916, 493, 460, 572], "6": [607, 17, 142, 736, 15, 539], "7": [138, 804, 243, 318, 232, 37], "8": [401, 130, 157, 821, 610, 782], "9": [998, 219, 109, 181, 509, 214], "10": [839, 613, 513, 844, 734, 661]}, "W": 3341, "execution_time": 0.034441029999999984, "n": 11, "p": 5}

Evaluations
[[2521, 2672, 3469, 3911, 4763], [2971, 3210, 3217, 4032, 5148], [3050, 3223, 3676, 3721, 4315], [2701, 3410, 3624, 4293, 4512], [2311, 3319, 3431, 4435, 4498], [3056, 3345, 3697, 3824, 4938], [2416, 2692, 3178, 3770, 4003], [2571, 3023, 3124, 3252, 5181], [2182, 3313, 3368, 3979, 4762], [2921, 3105, 3157, 3770, 4642], [3118, 3245, 3368, 3467, 4202], [2832, 3261, 3496, 3508, 4291], [2811, 2874, 3064, 3214, 4118], [2093, 3094, 3716, 4083, 4411], [2838, 3409, 3472, 3630, 4914], [2709, 2805, 2856, 3027, 5157], [2545, 2693, 2923, 3085, 4445], [2319, 3315, 3409, 3570, 3686]]

solution_optimale_estimee
[3056, 3345, 3697, 3824, 4938]

nb_question
2

valeur_sol_estimee
3511.5203080471947

decideur
[0.29541134463186136, 0.2747337542416534, 0.266848714976917, 0.09129750050478912, 0.07170868564477921]

solution_optimale
[3056, 3345, 3697, 3824, 4938]

valeur_sol_optimale
3511.5203080471947

duree
7.498703241348267

gap(%)
0.0