log
{"logType": "PLS1", "non_domines_approx": [[1, 1, 0, 1, 1, 1, 0, 1, 0, 0, 1, 0, 0], [1, 1, 0, 1, 1, 1, 1, 1, 1, 0, 0, 0, 0], [1, 1, 0, 1, 1, 1, 0, 1, 1, 0, 0, 1, 0], [1, 0, 0, 1, 1, 1, 1, 1, 1, 0, 1, 0, 0], [1, 0, 0, 1, 1, 1, 0, 1, 1, 0, 1, 1, 0], [1, 0, 0, 1, 1, 1, 0, 1, 0, 0, 1, 0, 1], [1, 1, 0, 1, 1, 0, 0, 1, 1, 0, 1, 0, 0], [1, 1, 0, 1, 1, 0, 1, 1, 1, 0, 0, 1, 0], [1, 0, 0, 1, 1, 0, 1, 1, 1, 0, 1, 1, 0], [1, 1, 0, 1, 1, 0, 1, 0, 1, 0, 1, 0, 0]], "fonction_de_voisinage": "voisinage", "objets": {"0": [394, 783, 840, 906, 823], "1": [911, 198, 798, 820, 509], "2": [768, 278, 335, 100, 429], "3": [477, 629, 554, 933, 862], "4": [513, 952, 365, 941, 208], "5": [636, 717, 916, 493, 460], "6": [607, 17, 142, 736, 15], "7": [138, 804, 243, 318, 232], "8": [401, 130, 157, 821, 610], "9": [998, 219, 109, 181, 509], "10": [839, 613, 513, 844, 734], "11": [637, 524, 296, 23, 757], "12": [972, 293, 494, 281, 717]}, "W": 4145, "execution_time": 0.024175469000000005, "n": 13, "p": 4}

Evaluations
[[3828, 4229, 4696, 5255], [3719, 4015, 4230, 5968], [4169, 4461, 4737, 5255], [3730, 3944, 4645, 5992], [3884, 4686, 5152, 5279], [3925, 4036, 4716, 4791], [3470, 3978, 4109, 5583], [3395, 4016, 4037, 5498], [3110, 4241, 4452, 5522], [3322, 3369, 3761, 6001]]

solution_optimale_estimee
[3884, 4686, 5152, 5279]

nb_question
1

valeur_sol_estimee
4663.55885383448

decideur
[0.32196497200593177, 0.23107133521377582, 0.23050951523997892, 0.2164541775403136]

solution_optimale
[3884, 4686, 5152, 5279]

valeur_sol_optimale
4663.55885383448

duree
0.7580559253692627

gap(%)
0.0