log
{"logType": "PLS1", "non_domines_approx": [[1, 0, 0, 1, 1, 1, 0, 1], [1, 0, 0, 1, 1, 0, 1, 1]], "fonction_de_voisinage": "voisinage", "objets": {"0": [394, 783, 840, 906, 823, 623], "1": [911, 198, 798, 820, 509, 443], "2": [768, 278, 335, 100, 429, 269], "3": [477, 629, 554, 933, 862, 375], "4": [513, 952, 365, 941, 208, 43], "5": [636, 717, 916, 493, 460, 572], "6": [607, 17, 142, 736, 15, 539], "7": [138, 804, 243, 318, 232, 37]}, "W": 2222, "execution_time": 0.0005570239999999615, "n": 8, "p": 5}

Evaluations
[[1650, 2585, 2918, 3591, 3885], [1617, 2140, 2144, 3185, 3834]]

solution_optimale_estimee
[1650, 2585, 2918, 3591, 3885]

nb_question
1

valeur_sol_estimee
2644.093056129839

decideur
[0.2850631116594598, 0.24900415254700245, 0.24497306106740097, 0.14692701002716974, 0.07403266469896701]

solution_optimale
[1650, 2585, 2918, 3591, 3885]

valeur_sol_optimale
2644.093056129839

duree
0.014339208602905273

gap(%)
-1.4210854715202004e-14

real_opt
3293.912617561784

real_gap
19.72789314347243

real_solution_opt
[3885, 2918, 3591, 2585, 1650]