log
{"logType": "PLS1", "non_domines_approx": [[1, 1, 0, 1, 1, 1, 0, 1, 1, 0, 1, 0, 0, 1, 0], [1, 0, 0, 1, 1, 1, 0, 1, 1, 0, 1, 1, 0, 1, 0], [1, 0, 0, 1, 1, 1, 0, 1, 1, 0, 1, 0, 0, 1, 1], [1, 1, 0, 1, 1, 1, 0, 1, 1, 0, 0, 1, 0, 1, 0], [1, 1, 0, 1, 1, 0, 1, 1, 1, 0, 1, 0, 0, 1, 0], [1, 1, 0, 1, 1, 0, 0, 1, 1, 0, 1, 1, 0, 1, 0], [1, 0, 0, 1, 1, 0, 0, 1, 1, 0, 1, 1, 0, 1, 1], [1, 0, 1, 1, 0, 1, 0, 1, 1, 0, 1, 1, 0, 1, 0], [1, 0, 0, 1, 1, 0, 1, 1, 1, 0, 1, 0, 0, 1, 1]], "fonction_de_voisinage": "voisinage", "objets": {"0": [394, 783, 840, 906, 823], "1": [911, 198, 798, 820, 509], "2": [768, 278, 335, 100, 429], "3": [477, 629, 554, 933, 862], "4": [513, 952, 365, 941, 208], "5": [636, 717, 916, 493, 460], "6": [607, 17, 142, 736, 15], "7": [138, 804, 243, 318, 232], "8": [401, 130, 157, 821, 610], "9": [998, 219, 109, 181, 509], "10": [839, 613, 513, 844, 734], "11": [637, 524, 296, 23, 757], "12": [972, 293, 494, 281, 717], "13": [527, 770, 771, 380, 892], "14": [891, 284, 400, 762, 720]}, "W": 4854, "execution_time": 0.0108005659999999, "n": 15, "p": 4}

Evaluations
[[5157, 5330, 5596, 6456], [4655, 5578, 5659, 5922], [4759, 5541, 5682, 6398], [4940, 5353, 5507, 5635], [4383, 4885, 4896, 6699], [4537, 5403, 5627, 5986], [4139, 5489, 5838, 5928], [4625, 4818, 5248, 5799], [3985, 4982, 5096, 6641]]

solution_optimale_estimee
[5157, 5330, 5596, 6456]

nb_question
1

valeur_sol_estimee
5314.772778463929

decideur
[0.4537682299470309, 0.4222033622535214, 0.08881547085745659, 0.03521293694199119]

solution_optimale
[5157, 5330, 5596, 6456]

valeur_sol_optimale
5314.772778463929

duree
0.9090619087219238

gap(%)
0.0

real_opt
6892.56129126656

real_gap
22.891178563791925

real_solution_opt
[5596, 5157, 6456, 5330]