log
{"logType": "PLS1", "non_domines_approx": [[1, 1, 0, 1, 1, 1, 0, 1, 1, 0, 1, 0, 0, 1, 0, 1, 0], [1, 0, 0, 1, 1, 1, 0, 1, 1, 0, 1, 1, 0, 1, 0, 1, 0], [1, 0, 0, 1, 1, 1, 0, 1, 1, 0, 1, 0, 0, 1, 0, 1, 1], [1, 0, 0, 1, 1, 1, 0, 1, 1, 0, 1, 0, 1, 1, 0, 1, 0], [1, 1, 0, 1, 1, 1, 0, 1, 1, 0, 1, 0, 0, 1, 1, 0, 0]], "fonction_de_voisinage": "voisinage", "objets": {"0": [394, 783, 840], "1": [911, 198, 798], "2": [768, 278, 335], "3": [477, 629, 554], "4": [513, 952, 365], "5": [636, 717, 916], "6": [607, 17, 142], "7": [138, 804, 243], "8": [401, 130, 157], "9": [998, 219, 109], "10": [839, 613, 513], "11": [637, 524, 296], "12": [972, 293, 494], "13": [527, 770, 771], "14": [891, 284, 400], "15": [807, 919, 353], "16": [949, 526, 70]}, "W": 5732, "execution_time": 0.006031890000000928, "n": 17, "p": 2}

Evaluations
[[5510, 6515], [5008, 6841], [4782, 6843], [5206, 6610], [5557, 5880]]

solution_optimale_estimee
[5510, 6515]

nb_question
1

valeur_sol_estimee
5958.3156124197785

decideur
[0.5539148135126589, 0.4460851864873412]

solution_optimale
[5510, 6515]

valeur_sol_optimale
5958.3156124197785

duree
0.11963701248168945

gap(%)
0.0

real_opt
6162.005777870605

real_gap
3.3055821885518526

real_solution_opt
[6515, 5510]