log
{"logType": "PLS1", "non_domines_approx": [[1, 0, 0, 1, 1, 1, 0], [1, 0, 0, 1, 1, 0, 1]], "fonction_de_voisinage": "voisinage", "objets": {"0": [394, 783, 840, 906, 823], "1": [911, 198, 798, 820, 509], "2": [768, 278, 335, 100, 429], "3": [477, 629, 554, 933, 862], "4": [513, 952, 365, 941, 208], "5": [636, 717, 916, 493, 460], "6": [607, 17, 142, 736, 15]}, "W": 2153, "execution_time": 0.0004113749999999916, "n": 7, "p": 4}

Evaluations
[[2353, 2675, 3081, 3273], [1901, 1908, 2381, 3516]]

solution_optimale_estimee
[2353, 2675, 3081, 3273]

nb_question
1

valeur_sol_estimee
2667.285816492925

decideur
[0.43443308761843336, 0.28474395737246777, 0.18624404369469144, 0.09457891131440742]

solution_optimale
[2353, 2675, 3081, 3273]

valeur_sol_optimale
2667.285816492925

duree
0.015268087387084961

gap(%)
0.0

real_opt
3187.037610693148

real_gap
16.30830437822108

real_solution_opt
[3081, 2675, 3273, 2353]