log
{"logType": "PLS1", "non_domines_approx": [[1, 0, 0, 1, 1, 1, 0, 1, 1, 0], [1, 1, 0, 1, 1, 0, 0, 1, 1, 0]], "fonction_de_voisinage": "voisinage", "objets": {"0": [394, 783, 840, 906], "1": [911, 198, 798, 820], "2": [768, 278, 335, 100], "3": [477, 629, 554, 933], "4": [513, 952, 365, 941], "5": [636, 717, 916, 493], "6": [607, 17, 142, 736], "7": [138, 804, 243, 318], "8": [401, 130, 157, 821], "9": [998, 219, 109, 181]}, "W": 2921, "execution_time": 0.007939340999999989, "n": 10, "p": 3}

Evaluations
[[3075, 4015, 4412], [2957, 3496, 4739]]

solution_optimale_estimee
[3075, 4015, 4412]

nb_question
1

valeur_sol_estimee
3463.866886044562

decideur
[0.6383437799497005, 0.23845712887327103, 0.1231990911770285]

solution_optimale
[3075, 4015, 4412]

valeur_sol_optimale
3463.866886044562

duree
0.07151269912719727

gap(%)
0.0

real_opt
4578.946879035934

real_gap
24.352324288726948

real_solution_opt
[4015, 3075, 4412]