log
{"logType": "PLS1", "non_domines_approx": [[1, 1, 0, 1, 0, 1, 0, 1, 1, 0, 1, 0, 0], [1, 0, 0, 1, 1, 1, 1, 1, 1, 0, 1, 0, 0], [1, 0, 0, 1, 1, 1, 0, 1, 1, 0, 1, 1, 0], [1, 1, 0, 1, 1, 1, 0, 1, 0, 0, 1, 0, 0], [1, 0, 0, 1, 0, 1, 0, 1, 1, 0, 1, 0, 1], [1, 1, 0, 1, 1, 1, 0, 1, 1, 0, 0, 1, 0], [1, 1, 0, 1, 1, 1, 1, 1, 1, 0, 0, 0, 0], [1, 1, 0, 1, 1, 0, 0, 1, 1, 0, 1, 0, 0], [1, 0, 0, 1, 1, 0, 1, 1, 1, 0, 1, 1, 0], [1, 0, 0, 1, 0, 1, 1, 1, 1, 0, 1, 1, 0], [1, 0, 0, 1, 1, 1, 0, 1, 0, 0, 1, 0, 1], [1, 0, 0, 1, 0, 0, 0, 1, 1, 0, 1, 1, 1], [1, 0, 0, 0, 0, 1, 1, 1, 1, 0, 1, 0, 1], [1, 1, 0, 1, 1, 0, 1, 1, 1, 0, 0, 1, 0], [1, 1, 0, 1, 1, 0, 1, 0, 1, 0, 1, 0, 0]], "fonction_de_voisinage": "voisinage", "objets": {"0": [394, 783, 840, 906, 823, 623], "1": [911, 198, 798, 820, 509, 443], "2": [768, 278, 335, 100, 429, 269], "3": [477, 629, 554, 933, 862, 375], "4": [513, 952, 365, 941, 208, 43], "5": [636, 717, 916, 493, 460, 572], "6": [607, 17, 142, 736, 15, 539], "7": [138, 804, 243, 318, 232, 37], "8": [401, 130, 157, 821, 610, 782], "9": [998, 219, 109, 181, 509, 214], "10": [839, 613, 513, 844, 734, 661], "11": [637, 524, 296, 23, 757, 181], "12": [972, 293, 494, 281, 717, 609]}, "W": 4145, "execution_time": 0.044475941999999824, "n": 13, "p": 5}

Evaluations
[[3493, 3874, 4021, 4230, 5135], [3632, 3730, 3944, 4645, 5992], [3274, 3884, 4686, 5152, 5279], [2754, 3828, 4229, 4696, 5255], [3659, 3717, 3969, 4438, 4596], [3056, 4169, 4461, 4737, 5255], [3414, 3719, 4015, 4230, 5968], [2964, 3470, 3978, 4109, 5583], [3110, 3241, 4241, 4452, 5522], [3661, 3770, 4217, 4493, 5074], [2920, 3925, 4036, 4716, 4791], [3097, 3268, 3776, 4126, 4735], [3305, 3357, 3591, 3823, 4399], [3023, 3395, 4016, 4037, 5498], [3322, 3369, 3466, 3761, 6001]]

solution_optimale_estimee
[3274, 3884, 4686, 5152, 5279]

nb_question
3

valeur_sol_estimee
4311.940708629581

decideur
[0.24851858336762725, 0.22996773412276533, 0.20760744150372007, 0.1957742504359197, 0.1181319905699677]

solution_optimale
[3274, 3884, 4686, 5152, 5279]

valeur_sol_optimale
4311.940708629581

duree
10.896481037139893

gap(%)
0.0