log
{"logType": "PLS1", "non_domines_approx": [[1, 0, 0, 1, 0, 1], [1, 0, 0, 1, 1, 0], [0, 0, 0, 1, 1, 1], [1, 1, 0, 1, 0, 0], [1, 0, 0, 0, 1, 1], [1, 1, 0, 0, 1, 0]], "fonction_de_voisinage": "voisinage", "objets": {"0": [394, 783, 840, 906, 823, 623], "1": [911, 198, 798, 820, 509, 443], "2": [768, 278, 335, 100, 429, 269], "3": [477, 629, 554, 933, 862, 375], "4": [513, 952, 365, 941, 208, 43], "5": [636, 717, 916, 493, 460, 572]}, "W": 1849, "execution_time": 0.0021743860000000004, "n": 6, "p": 5}

Evaluations
[[1570, 2129, 2145, 2310, 2332], [1041, 1759, 1893, 2364, 2780], [990, 1530, 1835, 2298, 2367], [1441, 1610, 2192, 2194, 2659], [1238, 1491, 2121, 2340, 2452], [1109, 1540, 1933, 2003, 2667]]

solution_optimale_estimee
[1570, 2129, 2145, 2310, 2332]

nb_question
1

valeur_sol_estimee
2010.0822337562283

decideur
[0.29489388388913707, 0.28642227367920936, 0.19117902863649755, 0.15065576401565964, 0.07684904977949637]

solution_optimale
[1570, 2129, 2145, 2310, 2332]

valeur_sol_optimale
2010.0822337562283

duree
0.4329349994659424

gap(%)
0.0