log
{"logType": "PLS1", "non_domines_approx": [[1, 0, 0, 1, 1, 1, 0, 1, 0, 0, 1, 1], [1, 0, 0, 1, 1, 1, 0, 1, 1, 0, 1, 0], [1, 1, 0, 1, 1, 1, 0, 1, 1, 0, 0, 0], [1, 0, 0, 1, 1, 0, 1, 1, 1, 0, 1, 0], [1, 1, 0, 1, 1, 0, 1, 1, 1, 0, 0, 0]], "fonction_de_voisinage": "voisinage", "objets": {"0": [394, 783, 840, 906], "1": [911, 198, 798, 820], "2": [768, 278, 335, 100], "3": [477, 629, 554, 933], "4": [513, 952, 365, 941], "5": [636, 717, 916, 493], "6": [607, 17, 142, 736], "7": [138, 804, 243, 318], "8": [401, 130, 157, 821], "9": [998, 219, 109, 181], "10": [839, 613, 513, 844], "11": [637, 524, 296, 23]}, "W": 3659, "execution_time": 0.006046393999999955, "n": 12, "p": 3}

Evaluations
[[3727, 4458, 5022], [3588, 4628, 5256], [3873, 4213, 5232], [2814, 3928, 5499], [3099, 3513, 5475]]

solution_optimale_estimee
[3588, 4628, 5256]

nb_question
3

valeur_sol_estimee
4119.4650973497855

decideur
[0.5387410672669927, 0.3788452268294127, 0.0824137059035947]

solution_optimale
[3588, 4628, 5256]

valeur_sol_optimale
4119.4650973497855

duree
0.5593106746673584

gap(%)
0.0

real_opt
5209.210354405298

real_gap
20.919586327204897

real_solution_opt
[4213, 3873, 5232]