log
{"logType": "PLS1", "non_domines_approx": [[1, 0, 0, 1, 1, 1, 0, 1, 0, 0, 1, 1, 0, 1], [1, 1, 0, 1, 1, 1, 0, 1, 0, 0, 0, 1, 0, 1], [1, 0, 1, 1, 1, 1, 0, 1, 0, 0, 1, 0, 0, 1], [1, 1, 1, 1, 1, 1, 0, 1, 0, 0, 0, 0, 0, 1]], "fonction_de_voisinage": "voisinage", "objets": {"0": [394, 783, 840], "1": [911, 198, 798], "2": [768, 278, 335], "3": [477, 629, 554], "4": [513, 952, 365], "5": [636, 717, 916], "6": [607, 17, 142], "7": [138, 804, 243], "8": [401, 130, 157], "9": [998, 219, 109], "10": [839, 613, 513], "11": [637, 524, 296], "12": [972, 293, 494], "13": [527, 770, 771]}, "W": 4409, "execution_time": 0.0043443800000000365, "n": 14, "p": 2}

Evaluations
[[4498, 5792], [4783, 5377], [4537, 5546], [4822, 5131]]

solution_optimale_estimee
[4498, 5792]

nb_question
2

valeur_sol_estimee
5039.715290382566

decideur
[0.5813637632283106, 0.4186362367716894]

solution_optimale
[4498, 5792]

valeur_sol_optimale
5039.715290382566

duree
0.11977791786193848

gap(%)
0.0

real_opt
5292.105683916785

real_gap
4.769186569747788

real_solution_opt
[5792, 4498]