log
{"logType": "PLS1", "non_domines_approx": [[1, 1, 0, 1, 1, 1, 0, 1, 0, 0, 1, 0, 0], [1, 0, 0, 1, 1, 1, 0, 1, 1, 0, 1, 1, 0], [1, 1, 0, 1, 1, 1, 0, 1, 1, 0, 0, 1, 0], [1, 0, 0, 1, 1, 1, 0, 1, 0, 0, 1, 0, 1]], "fonction_de_voisinage": "voisinage", "objets": {"0": [394, 783, 840], "1": [911, 198, 798], "2": [768, 278, 335], "3": [477, 629, 554], "4": [513, 952, 365], "5": [636, 717, 916], "6": [607, 17, 142], "7": [138, 804, 243], "8": [401, 130, 157], "9": [998, 219, 109], "10": [839, 613, 513], "11": [637, 524, 296], "12": [972, 293, 494]}, "W": 4145, "execution_time": 0.0026019840000000016, "n": 13, "p": 2}

Evaluations
[[4229, 4696], [3884, 5152], [4169, 4737], [3925, 4791]]

solution_optimale_estimee
[4229, 4696]

nb_question
2

valeur_sol_estimee
4427.901478130247

decideur
[0.5740867705990439, 0.4259132294009561]

solution_optimale
[4229, 4696]

valeur_sol_optimale
4427.901478130247

duree
0.21286582946777344

gap(%)
0.0

real_opt
4653.875137278646

real_gap
4.855602105400223

real_solution_opt
[5152, 3884]