log
{"logType": "PLS1", "non_domines_approx": [[1, 0, 0, 1, 0, 1, 0, 1, 1, 0, 1, 1], [1, 0, 0, 1, 1, 1, 0, 1, 0, 0, 1, 1], [1, 1, 0, 1, 1, 1, 0, 1, 1, 0, 0, 0], [1, 0, 0, 1, 1, 1, 0, 1, 1, 0, 0, 1], [1, 0, 0, 1, 1, 1, 0, 1, 1, 0, 1, 0], [1, 0, 0, 1, 1, 0, 1, 1, 1, 0, 1, 0], [1, 0, 0, 1, 0, 1, 1, 1, 1, 0, 1, 0], [1, 0, 1, 1, 0, 1, 0, 1, 1, 0, 1, 0], [1, 0, 0, 1, 0, 0, 1, 1, 1, 0, 1, 1], [1, 1, 0, 1, 0, 1, 0, 1, 1, 0, 0, 1], [1, 0, 0, 1, 1, 0, 0, 1, 1, 0, 1, 1], [1, 1, 0, 1, 0, 1, 1, 1, 1, 0, 0, 0], [1, 1, 0, 1, 1, 0, 1, 1, 1, 0, 0, 0], [1, 1, 0, 1, 1, 0, 0, 1, 1, 0, 0, 1], [1, 0, 0, 0, 1, 1, 1, 1, 1, 0, 1, 0]], "fonction_de_voisinage": "voisinage", "objets": {"0": [394, 783, 840, 906, 823, 623], "1": [911, 198, 798, 820, 509, 443], "2": [768, 278, 335, 100, 429, 269], "3": [477, 629, 554, 933, 862, 375], "4": [513, 952, 365, 941, 208, 43], "5": [636, 717, 916, 493, 460, 572], "6": [607, 17, 142, 736, 15, 539], "7": [138, 804, 243, 318, 232, 37], "8": [401, 130, 157, 821, 610, 782], "9": [998, 219, 109, 181, 509, 214], "10": [839, 613, 513, 844, 734, 661], "11": [637, 524, 296, 23, 757, 181]}, "W": 3659, "execution_time": 0.06465890800000007, "n": 12, "p": 5}

Evaluations
[[3231, 3519, 4200, 4338, 4478], [2492, 3727, 4076, 4458, 5022], [2875, 3704, 3873, 4213, 5232], [2613, 3371, 3952, 4435, 4539], [3093, 3588, 3929, 4628, 5256], [2814, 3060, 3484, 3928, 5499], [3365, 3589, 3693, 3736, 5051], [3319, 3558, 3954, 4150, 4415], [2745, 3198, 3500, 4033, 4581], [3013, 3785, 3804, 4253, 4314], [2702, 2968, 4226, 4435, 4786], [3278, 3371, 3511, 3650, 5027], [2842, 3099, 3259, 3513, 5475], [2484, 3253, 4001, 4020, 4762], [3082, 3176, 3257, 4016, 5059]]

solution_optimale_estimee
[3093, 3588, 3929, 4628, 5256]

nb_question
2

valeur_sol_estimee
3805.2885010509417

decideur
[0.3453165756428932, 0.22010536597420302, 0.17756929538553212, 0.16086232549667032, 0.09614643750070134]

solution_optimale
[3093, 3588, 3929, 4628, 5256]

valeur_sol_optimale
3805.2885010509417

duree
7.382570028305054

gap(%)
1.4210854715202004e-14

real_opt
4667.672251629159

real_gap
18.47567061455996

real_solution_opt
[4628, 3588, 5256, 3929, 3093]