log
{"logType": "PLS1", "non_domines_approx": [[1, 0, 0, 1, 1, 0, 0, 1, 1], [1, 0, 0, 1, 1, 1, 0, 1, 0], [1, 0, 0, 1, 1, 1, 0, 0, 1], [1, 0, 0, 1, 1, 0, 1, 0, 1]], "fonction_de_voisinage": "voisinage", "objets": {"0": [394, 783, 840, 906], "1": [911, 198, 798, 820], "2": [768, 278, 335, 100], "3": [477, 629, 554, 933], "4": [513, 952, 365, 941], "5": [636, 717, 916, 493], "6": [607, 17, 142, 736], "7": [138, 804, 243, 318], "8": [401, 130, 157, 821]}, "W": 2422, "execution_time": 0.007385476000000002, "n": 9, "p": 3}

Evaluations
[[2159, 3298, 3919], [2918, 3591, 3885], [2832, 3211, 4094], [2058, 2511, 4337]]

solution_optimale_estimee
[2918, 3591, 3885]

nb_question
1

valeur_sol_estimee
3406.656591052653

decideur
[0.3982802143190556, 0.3170287132680974, 0.284691072412847]

solution_optimale
[2918, 3591, 3885]

valeur_sol_optimale
3406.656591052653

duree
0.2373192310333252

gap(%)
0.0

real_opt
3582.882798544376

real_gap
4.918559087763597

real_solution_opt
[3885, 2918, 3591]