log
{"logType": "PLS1", "non_domines_approx": [[1, 1, 0, 1, 1, 1, 0, 1, 1, 0, 1, 0, 0, 1, 0, 1, 0], [1, 0, 0, 1, 1, 1, 0, 1, 1, 0, 1, 1, 0, 1, 0, 1, 0], [1, 1, 0, 1, 1, 0, 1, 1, 1, 0, 1, 0, 0, 1, 0, 1, 0], [1, 0, 0, 1, 1, 1, 0, 1, 1, 0, 1, 0, 0, 1, 0, 1, 1], [1, 1, 0, 1, 1, 1, 1, 1, 1, 0, 1, 0, 0, 0, 0, 1, 0], [1, 0, 0, 1, 1, 1, 0, 1, 1, 0, 1, 0, 1, 1, 0, 1, 0], [1, 1, 0, 1, 1, 1, 0, 1, 1, 0, 1, 0, 0, 1, 1, 0, 0], [1, 0, 0, 1, 1, 1, 0, 1, 1, 0, 1, 0, 0, 1, 1, 1, 0], [1, 0, 0, 1, 1, 0, 1, 1, 1, 0, 1, 0, 0, 1, 1, 1, 0], [1, 0, 0, 1, 1, 1, 1, 1, 1, 0, 1, 0, 0, 0, 1, 1, 0]], "fonction_de_voisinage": "voisinage", "objets": {"0": [394, 783, 840, 906], "1": [911, 198, 798, 820], "2": [768, 278, 335, 100], "3": [477, 629, 554, 933], "4": [513, 952, 365, 941], "5": [636, 717, 916, 493], "6": [607, 17, 142, 736], "7": [138, 804, 243, 318], "8": [401, 130, 157, 821], "9": [998, 219, 109, 181], "10": [839, 613, 513, 844], "11": [637, 524, 296, 23], "12": [972, 293, 494, 281], "13": [527, 770, 771, 380], "14": [891, 284, 400, 762], "15": [807, 919, 353, 830], "16": [949, 526, 70, 158]}, "W": 5732, "execution_time": 0.025923541000000938, "n": 17, "p": 3}

Evaluations
[[5510, 6515, 7286], [5008, 6489, 6841], [4736, 5815, 7529], [4782, 6624, 6843], [4881, 5762, 7642], [5206, 6610, 6747], [5557, 5880, 7218], [5112, 6601, 7228], [4338, 5901, 7471], [4483, 5848, 7584]]

solution_optimale_estimee
[5510, 6515, 7286]

nb_question
2

valeur_sol_estimee
6161.68194040235

decideur
[0.45311212955508784, 0.414514808700148, 0.13237306174476415]

solution_optimale
[5510, 6515, 7286]

valeur_sol_optimale
6161.68194040235

duree
1.5502490997314453

gap(%)
0.0

real_opt
7207.999110969567

real_gap
14.516055766084492

real_solution_opt
[6515, 5510, 7286]