log
{"logType": "PLS1", "non_domines_approx": [[1, 0, 0, 1, 1, 1, 0, 1, 0, 0, 1, 1, 0, 1, 0, 1], [1, 1, 0, 1, 1, 1, 0, 1, 1, 0, 1, 0, 0, 1, 0, 0], [1, 1, 0, 1, 1, 1, 0, 1, 0, 0, 1, 0, 0, 1, 0, 1], [1, 0, 0, 1, 1, 1, 0, 1, 1, 0, 1, 0, 0, 1, 0, 1], [1, 0, 0, 1, 1, 1, 0, 1, 0, 0, 1, 0, 0, 1, 1, 1], [1, 1, 0, 1, 1, 1, 0, 1, 1, 0, 1, 0, 0, 0, 1, 0], [1, 1, 0, 1, 1, 1, 0, 1, 1, 0, 1, 0, 0, 0, 0, 1], [1, 1, 0, 1, 1, 0, 0, 1, 1, 0, 1, 0, 0, 1, 0, 1], [1, 0, 0, 1, 1, 0, 0, 1, 1, 0, 1, 0, 0, 1, 1, 1], [1, 0, 0, 1, 1, 1, 0, 1, 1, 0, 1, 0, 0, 0, 1, 1], [1, 1, 0, 1, 1, 0, 1, 1, 1, 0, 1, 0, 0, 0, 1, 0], [1, 1, 0, 1, 1, 0, 1, 1, 1, 0, 1, 0, 0, 0, 0, 1], [1, 0, 0, 1, 1, 0, 1, 1, 1, 0, 1, 0, 0, 0, 1, 1]], "fonction_de_voisinage": "voisinage", "objets": {"0": [394, 783, 840, 906], "1": [911, 198, 798, 820], "2": [768, 278, 335, 100], "3": [477, 629, 554, 933], "4": [513, 952, 365, 941], "5": [636, 717, 916, 493], "6": [607, 17, 142, 736], "7": [138, 804, 243, 318], "8": [401, 130, 157, 821], "9": [998, 219, 109, 181], "10": [839, 613, 513, 844], "11": [637, 524, 296, 23], "12": [972, 293, 494, 281], "13": [527, 770, 771, 380], "14": [891, 284, 400, 762], "15": [807, 919, 353, 830]}, "W": 5258, "execution_time": 0.04877238100000003, "n": 16, "p": 3}

Evaluations
[[4851, 5668, 6711], [5157, 5596, 6456], [5353, 6385, 6465], [4712, 6317, 6466], [4955, 6407, 6471], [4786, 5110, 6838], [4739, 5745, 6906], [4594, 5798, 6793], [4196, 5884, 6735], [4341, 5831, 6848], [4012, 4410, 7081], [3965, 5045, 7149], [3567, 5131, 7091]]

solution_optimale_estimee
[5353, 6385, 6465]

nb_question
1

valeur_sol_estimee
5805.113815844585

decideur
[0.5733266358913705, 0.2793370630526464, 0.14733630105598322]

solution_optimale
[5353, 6385, 6465]

valeur_sol_optimale
5805.113815844585

duree
1.6591992378234863

gap(%)
-1.4210854715202004e-14

real_opt
6884.57359105284

real_gap
15.679399180380841

real_solution_opt
[6385, 5353, 6465]