log
{"logType": "PLS1", "non_domines_approx": [[1, 0, 0, 1, 0, 1, 1, 1, 1, 0], [1, 0, 0, 1, 1, 0, 1, 1, 1, 0], [1, 0, 0, 1, 1, 1, 0, 1, 1, 0], [1, 0, 0, 0, 1, 1, 1, 1, 1, 0], [1, 0, 1, 1, 0, 1, 0, 1, 1, 0], [1, 1, 0, 1, 1, 0, 0, 1, 1, 0], [1, 0, 0, 1, 1, 0, 0, 1, 1, 1]], "fonction_de_voisinage": "voisinage", "objets": {"0": [394, 783, 840, 906, 823, 623], "1": [911, 198, 798, 820, 509, 443], "2": [768, 278, 335, 100, 429, 269], "3": [477, 629, 554, 933, 862, 375], "4": [513, 952, 365, 941, 208, 43], "5": [636, 717, 916, 493, 460, 572], "6": [607, 17, 142, 736, 15, 539], "7": [138, 804, 243, 318, 232, 37], "8": [401, 130, 157, 821, 610, 782], "9": [998, 219, 109, 181, 509, 214]}, "W": 2921, "execution_time": 0.005050571000000004, "n": 10, "p": 5}

Evaluations
[[2852, 2928, 3002, 3080, 4207], [2301, 2399, 2750, 3315, 4655], [2432, 3075, 3195, 4015, 4412], [2348, 2596, 2663, 3403, 4215], [2658, 3045, 3341, 3416, 3571], [2303, 2957, 3244, 3496, 4739], [2074, 2268, 3244, 3517, 4100]]

solution_optimale_estimee
[2432, 3075, 3195, 4015, 4412]

nb_question
2

valeur_sol_estimee
3199.5441047302925

decideur
[0.2833319847833065, 0.23430439799541683, 0.22170838451174502, 0.17222791266522486, 0.0884273200443067]

solution_optimale
[2432, 3075, 3195, 4015, 4412]

valeur_sol_optimale
3199.5441047302925

duree
0.7818009853363037

gap(%)
0.0