log
{"logType": "PLS1", "non_domines_approx": [[1, 0, 0, 1, 1, 1, 0, 1, 0, 0, 1, 1, 0, 1], [1, 0, 0, 1, 1, 1, 0, 1, 1, 0, 1, 0, 0, 1], [1, 0, 0, 1, 1, 1, 1, 1, 1, 0, 0, 1, 0, 1], [1, 1, 0, 1, 1, 1, 0, 1, 1, 0, 0, 0, 0, 1], [1, 0, 0, 1, 1, 0, 0, 1, 1, 0, 1, 1, 0, 1], [1, 0, 0, 1, 0, 1, 0, 1, 1, 0, 1, 1, 0, 1], [1, 0, 1, 1, 1, 1, 0, 1, 0, 0, 1, 0, 0, 1], [1, 1, 0, 1, 1, 1, 0, 1, 0, 0, 0, 1, 0, 1], [1, 1, 0, 1, 0, 1, 0, 1, 1, 0, 1, 0, 0, 1], [1, 0, 0, 1, 0, 1, 0, 1, 1, 0, 1, 0, 1, 1], [1, 1, 0, 1, 1, 0, 0, 1, 1, 0, 1, 0, 0, 1], [1, 0, 0, 1, 1, 0, 0, 1, 1, 0, 1, 0, 1, 1], [1, 0, 0, 1, 1, 1, 1, 0, 1, 0, 1, 0, 0, 1], [1, 1, 0, 1, 1, 1, 0, 1, 1, 0, 1, 0, 0, 0], [1, 1, 0, 1, 1, 0, 0, 1, 1, 0, 0, 1, 0, 1], [1, 1, 1, 1, 1, 1, 0, 1, 0, 0, 0, 0, 0, 1], [1, 1, 0, 1, 0, 1, 0, 1, 1, 0, 0, 1, 0, 1], [1, 0, 0, 1, 0, 0, 0, 1, 1, 0, 1, 1, 1, 1], [1, 1, 0, 1, 0, 0, 0, 1, 1, 0, 1, 1, 0, 1], [1, 0, 0, 1, 1, 0, 1, 0, 1, 0, 1, 1, 0, 1], [1, 1, 0, 1, 1, 0, 1, 1, 1, 0, 1, 0, 0, 0]], "fonction_de_voisinage": "voisinage", "objets": {"0": [394, 783, 840, 906, 823], "1": [911, 198, 798, 820, 509], "2": [768, 278, 335, 100, 429], "3": [477, 629, 554, 933, 862], "4": [513, 952, 365, 941, 208], "5": [636, 717, 916, 493, 460], "6": [607, 17, 142, 736, 15], "7": [138, 804, 243, 318, 232], "8": [401, 130, 157, 821, 610], "9": [998, 219, 109, 181, 509], "10": [839, 613, 513, 844, 734], "11": [637, 524, 296, 23, 757], "12": [972, 293, 494, 281, 717], "13": [527, 770, 771, 380, 892]}, "W": 4409, "execution_time": 0.07189972499999997, "n": 14, "p": 4}

Evaluations
[[4498, 4838, 4968, 5792], [4359, 4821, 5398, 5636], [4284, 4859, 5326, 5551], [4596, 4644, 4983, 5612], [3739, 5118, 5166, 5205], [4290, 4718, 4970, 5370], [4537, 4640, 4915, 5546], [4743, 4783, 4814, 5377], [4644, 4792, 5122, 5515], [4488, 4739, 4976, 5330], [4241, 4870, 4879, 5963], [3937, 4974, 5078, 5424], [4258, 4604, 4611, 6054], [4386, 4438, 4826, 6076], [4024, 4790, 4893, 5142], [4415, 4822, 4891, 5131], [4555, 4575, 4694, 5145], [3868, 4506, 4546, 5627], [4172, 4451, 5045, 5419], [3638, 4418, 4901, 5584], [3612, 3993, 4126, 6319]]

solution_optimale_estimee
[4644, 4792, 5122, 5515]

nb_question
3

valeur_sol_estimee
4882.272447581018

decideur
[0.3834981295838384, 0.3188385160542206, 0.17348711054518487, 0.12417624381675621]

solution_optimale
[4644, 4792, 5122, 5515]

valeur_sol_optimale
4882.272447581018

duree
19.222475051879883

gap(%)
0.0

real_opt
5788.673019736446

real_gap
15.65817535495718

real_solution_opt
[5326, 4284, 5551, 4859]