log
{"logType": "PLS1", "non_domines_approx": [[1, 1, 0, 1, 0, 1, 0, 1, 1, 0, 1, 0, 0, 1], [1, 0, 0, 1, 0, 1, 0, 1, 1, 0, 1, 1, 0, 1], [1, 0, 0, 1, 1, 1, 0, 1, 1, 0, 1, 0, 0, 1], [1, 0, 0, 1, 0, 1, 1, 1, 1, 0, 1, 0, 0, 1], [1, 1, 0, 1, 0, 1, 1, 1, 1, 0, 1, 0, 0, 0], [1, 1, 0, 1, 0, 0, 1, 1, 1, 0, 1, 0, 0, 1], [1, 1, 0, 1, 0, 0, 0, 1, 1, 0, 1, 1, 0, 1], [1, 1, 0, 1, 1, 1, 0, 1, 1, 0, 0, 0, 0, 1], [1, 1, 0, 0, 1, 1, 0, 1, 1, 0, 1, 0, 0, 1], [1, 0, 0, 1, 0, 1, 0, 1, 1, 0, 1, 0, 1, 1], [1, 1, 0, 1, 1, 1, 0, 1, 1, 0, 1, 0, 0, 0], [1, 1, 0, 1, 0, 1, 0, 1, 1, 0, 0, 1, 0, 1], [1, 1, 0, 1, 1, 0, 0, 1, 1, 0, 1, 0, 0, 1], [1, 0, 0, 1, 1, 1, 0, 1, 0, 0, 1, 1, 0, 1], [1, 0, 0, 1, 1, 1, 1, 1, 1, 0, 0, 1, 0, 1], [1, 0, 0, 1, 0, 0, 0, 1, 1, 0, 1, 1, 1, 1], [1, 0, 0, 1, 1, 1, 0, 1, 1, 0, 1, 1, 0, 0], [1, 0, 0, 1, 0, 1, 1, 1, 1, 0, 1, 1, 0, 0], [1, 0, 0, 1, 1, 0, 0, 1, 1, 0, 1, 1, 0, 1], [1, 0, 0, 1, 1, 1, 1, 1, 1, 0, 1, 0, 0, 0], [1, 0, 1, 1, 1, 1, 0, 1, 0, 0, 1, 0, 0, 1], [1, 0, 0, 1, 1, 0, 0, 1, 1, 0, 1, 0, 1, 1], [1, 0, 0, 1, 1, 1, 1, 0, 1, 0, 1, 0, 0, 1], [1, 0, 0, 1, 1, 1, 0, 1, 1, 0, 1, 0, 1, 0], [1, 0, 0, 1, 0, 0, 1, 1, 1, 0, 1, 0, 1, 1], [1, 0, 1, 1, 0, 1, 1, 1, 1, 0, 1, 0, 0, 0], [1, 1, 0, 1, 1, 0, 1, 1, 1, 0, 1, 0, 0, 0], [1, 1, 0, 1, 1, 0, 0, 1, 1, 0, 0, 1, 0, 1], [1, 1, 0, 1, 1, 0, 0, 1, 1, 0, 1, 1, 0, 0], [1, 1, 1, 1, 1, 1, 0, 1, 0, 0, 0, 0, 0, 1], [1, 1, 0, 1, 1, 1, 0, 1, 0, 0, 0, 1, 0, 1], [1, 0, 0, 1, 1, 0, 0, 1, 1, 0, 1, 1, 1, 0], [1, 0, 0, 1, 1, 0, 1, 0, 1, 0, 1, 1, 0, 1], [1, 0, 0, 1, 1, 0, 1, 1, 1, 0, 1, 0, 1, 0]], "fonction_de_voisinage": "voisinage", "objets": {"0": [394, 783, 840, 906, 823, 623], "1": [911, 198, 798, 820, 509, 443], "2": [768, 278, 335, 100, 429, 269], "3": [477, 629, 554, 933, 862, 375], "4": [513, 952, 365, 941, 208, 43], "5": [636, 717, 916, 493, 460, 572], "6": [607, 17, 142, 736, 15, 539], "7": [138, 804, 243, 318, 232, 37], "8": [401, 130, 157, 821, 610, 782], "9": [998, 219, 109, 181, 509, 214], "10": [839, 613, 513, 844, 734, 661], "11": [637, 524, 296, 23, 757, 181], "12": [972, 293, 494, 281, 717, 609], "13": [527, 770, 771, 380, 892, 50]}, "W": 4409, "execution_time": 0.21236106200000004, "n": 14, "p": 5}

Evaluations
[[3543, 4644, 4792, 5122, 5515], [3281, 4290, 4718, 4970, 5370], [3143, 4359, 4821, 5398, 5636], [3639, 4136, 4463, 4628, 5431], [3891, 4032, 4163, 4245, 5871], [3510, 3944, 4018, 4677, 5758], [3152, 4172, 4451, 5045, 5419], [2925, 4596, 4644, 4983, 5612], [3211, 4468, 4603, 4967, 5523], [3709, 4488, 4739, 4976, 5330], [3536, 4386, 4438, 4826, 6076], [3063, 4555, 4575, 4694, 5145], [3014, 4241, 4870, 4879, 5963], [2542, 4498, 4838, 4968, 5792], [3202, 4284, 4859, 5326, 5551], [3318, 3868, 4506, 4546, 5627], [3274, 3884, 4686, 5152, 5279], [3661, 3770, 4217, 4493, 5074], [2752, 3739, 5118, 5166, 5205], [3632, 3730, 3944, 4645, 5992], [2630, 4537, 4640, 4915, 5546], [3180, 3937, 4974, 5078, 5424], [3645, 4258, 4604, 4611, 6054], [3702, 4082, 4646, 4921, 5537], [3676, 3714, 4039, 4885, 5219], [3700, 3858, 3971, 4165, 5151], [3503, 3612, 3993, 4126, 6319], [2534, 4024, 4790, 4893, 5142], [3145, 3766, 4633, 4735, 5606], [2412, 4415, 4822, 4891, 5131], [2324, 4743, 4783, 4814, 5377], [3311, 3462, 4728, 4943, 5067], [3254, 3638, 4418, 4901, 5584], [3308, 3669, 4201, 4221, 5780]]

solution_optimale_estimee
[3543, 4644, 4792, 5122, 5515]

nb_question
2

valeur_sol_estimee
4322.281387442425

decideur
[0.4300518076331201, 0.20610954676464913, 0.17301191377238812, 0.101901829556277, 0.08892490227356573]

solution_optimale
[3543, 4644, 4792, 5122, 5515]

valeur_sol_optimale
4322.281387442425

duree
34.05851984024048

gap(%)
0.0