log
{"logType": "PLS1", "non_domines_approx": [[1, 0, 0, 1, 1, 0, 0, 1, 1], [1, 0, 0, 1, 1, 1, 0, 1, 0], [1, 0, 0, 1, 0, 1, 0, 1, 1], [1, 1, 0, 1, 0, 0, 0, 1, 1], [1, 0, 0, 1, 1, 1, 0, 0, 1], [1, 0, 0, 1, 1, 0, 1, 0, 1], [1, 0, 1, 1, 0, 1, 0, 1, 0]], "fonction_de_voisinage": "voisinage", "objets": {"0": [394, 783, 840, 906, 823], "1": [911, 198, 798, 820, 509], "2": [768, 278, 335, 100, 429], "3": [477, 629, 554, 933, 862], "4": [513, 952, 365, 941, 208], "5": [636, 717, 916, 493, 460], "6": [607, 17, 142, 736, 15], "7": [138, 804, 243, 318, 232], "8": [401, 130, 157, 821, 610]}, "W": 2422, "execution_time": 0.007059103999999983, "n": 9, "p": 4}

Evaluations
[[2159, 2735, 3298, 3919], [2585, 2918, 3591, 3885], [2710, 2987, 3063, 3471], [2544, 2592, 3036, 3798], [2832, 2963, 3211, 4094], [2058, 2511, 2518, 4337], [2750, 2806, 2888, 3211]]

solution_optimale_estimee
[2832, 2963, 3211, 4094]

nb_question
2

valeur_sol_estimee
2929.8801012561707

decideur
[0.5007977137078542, 0.39294121162295453, 0.09931673125589587, 0.00694434341329542]

solution_optimale
[2832, 2963, 3211, 4094]

valeur_sol_optimale
2929.8801012561707

duree
0.8555357456207275

gap(%)
0.0