log
{"logType": "PLS1", "non_domines_approx": [[1, 1, 0, 1, 1, 1, 0, 1, 1, 0, 1, 0, 0, 1, 0], [1, 0, 0, 1, 1, 1, 0, 1, 1, 0, 1, 1, 0, 1, 0], [1, 0, 0, 1, 1, 1, 0, 1, 1, 0, 1, 0, 0, 1, 1], [1, 0, 0, 1, 1, 0, 1, 1, 1, 0, 1, 0, 0, 1, 1], [1, 1, 0, 1, 1, 0, 1, 1, 1, 0, 1, 0, 0, 1, 0]], "fonction_de_voisinage": "voisinage", "objets": {"0": [394, 783, 840, 906], "1": [911, 198, 798, 820], "2": [768, 278, 335, 100], "3": [477, 629, 554, 933], "4": [513, 952, 365, 941], "5": [636, 717, 916, 493], "6": [607, 17, 142, 736], "7": [138, 804, 243, 318], "8": [401, 130, 157, 821], "9": [998, 219, 109, 181], "10": [839, 613, 513, 844], "11": [637, 524, 296, 23], "12": [972, 293, 494, 281], "13": [527, 770, 771, 380], "14": [891, 284, 400, 762]}, "W": 4854, "execution_time": 0.048400994000000086, "n": 15, "p": 3}

Evaluations
[[5157, 5596, 6456], [4655, 5659, 5922], [4759, 5682, 6398], [3985, 4982, 6641], [4383, 4896, 6699]]

solution_optimale_estimee
[5157, 5596, 6456]

nb_question
1

valeur_sol_estimee
5394.3828499910405

decideur
[0.5256773700849593, 0.44042121659139194, 0.03390141332364883]

solution_optimale
[5157, 5596, 6456]

valeur_sol_optimale
5394.3828499910405

duree
0.14696097373962402

gap(%)
-1.4210854715202004e-14

real_opt
6753.937300349129

real_gap
20.129805621497397

real_solution_opt
[5596, 5157, 6456]