log
{"logType": "PLS1", "non_domines_approx": [[1, 0, 0, 1, 1, 1, 0, 1, 1, 0, 1, 1, 0, 1, 0, 1, 0, 1], [1, 0, 0, 1, 1, 1, 1, 1, 1, 0, 1, 0, 0, 1, 0, 1, 0, 1], [1, 0, 0, 1, 1, 1, 0, 1, 1, 0, 1, 0, 0, 1, 1, 1, 0, 1], [1, 1, 0, 1, 1, 1, 0, 1, 1, 0, 1, 1, 0, 1, 0, 0, 0, 1], [1, 0, 0, 1, 1, 0, 0, 1, 1, 0, 1, 1, 0, 1, 1, 1, 0, 1], [1, 0, 0, 1, 1, 1, 0, 1, 1, 0, 1, 1, 0, 1, 1, 0, 0, 1], [1, 1, 0, 1, 1, 1, 0, 1, 1, 0, 0, 1, 0, 1, 0, 1, 0, 1], [1, 0, 1, 1, 0, 1, 0, 1, 1, 0, 1, 1, 0, 1, 0, 1, 0, 1], [1, 0, 0, 1, 1, 1, 0, 1, 1, 0, 1, 1, 1, 1, 0, 0, 0, 1], [1, 1, 0, 1, 1, 0, 1, 1, 1, 0, 1, 0, 0, 1, 0, 1, 0, 1], [1, 0, 0, 1, 1, 0, 1, 1, 1, 0, 1, 0, 0, 1, 1, 1, 0, 1], [1, 1, 0, 1, 1, 1, 1, 1, 1, 0, 1, 0, 0, 1, 0, 0, 0, 1], [1, 1, 0, 1, 1, 1, 1, 1, 1, 0, 0, 0, 0, 1, 0, 1, 0, 1], [1, 1, 1, 1, 1, 1, 0, 1, 1, 0, 1, 0, 0, 1, 0, 0, 0, 1], [1, 1, 1, 1, 1, 1, 0, 1, 1, 0, 0, 0, 0, 1, 0, 1, 0, 1]], "fonction_de_voisinage": "voisinage", "objets": {"0": [394, 783, 840, 906, 823], "1": [911, 198, 798, 820, 509], "2": [768, 278, 335, 100, 429], "3": [477, 629, 554, 933, 862], "4": [513, 952, 365, 941, 208], "5": [636, 717, 916, 493, 460], "6": [607, 17, 142, 736, 15], "7": [138, 804, 243, 318, 232], "8": [401, 130, 157, 821, 610], "9": [998, 219, 109, 181, 509], "10": [839, 613, 513, 844, 734], "11": [637, 524, 296, 23, 757], "12": [972, 293, 494, 281, 717], "13": [527, 770, 771, 380, 892], "14": [891, 284, 400, 762, 720], "15": [807, 919, 353, 830, 584], "16": [949, 526, 70, 158, 371], "17": [193, 663, 86, 261, 582]}, "W": 5829, "execution_time": 0.057265639999998896, "n": 18, "p": 4}

Evaluations
[[5094, 6744, 6750, 7504], [4940, 6002, 6997, 7463], [5198, 6707, 7264, 7489], [5539, 6669, 6740, 6783], [4578, 7004, 7019, 7071], [5141, 6682, 6869, 6880], [5379, 6519, 6726, 7089], [5064, 5909, 6830, 6965], [5235, 6201, 6877, 6878], [4822, 6051, 6478, 7790], [4424, 6262, 6564, 7732], [5385, 5927, 6276, 7453], [5225, 5777, 6582, 7439], [5578, 6341, 6537, 6817], [5418, 6191, 6803, 6843]]

solution_optimale_estimee
[5198, 6707, 7264, 7489]

nb_question
2

valeur_sol_estimee
6296.707333910906

decideur
[0.3936095518566711, 0.29158964917461977, 0.2778225650262618, 0.036978233942447473]

solution_optimale
[5198, 6707, 7264, 7489]

valeur_sol_optimale
6296.707333910906

duree
4.436908960342407

gap(%)
0.0

real_opt
7645.802229686803

real_gap
17.644909654315782

real_solution_opt
[7264, 5198, 7489, 6707]