log
{"logType": "PLS1", "non_domines_approx": [[1, 0, 0, 1, 1, 1, 1, 1, 1, 0, 1, 0, 0, 1, 0, 1, 0, 1, 1], [1, 0, 0, 1, 1, 1, 0, 1, 1, 0, 1, 1, 0, 1, 0, 1, 0, 1, 1], [1, 1, 0, 1, 1, 1, 1, 1, 1, 0, 1, 0, 0, 1, 0, 0, 0, 1, 1], [1, 0, 0, 1, 1, 1, 1, 1, 1, 0, 1, 0, 0, 1, 1, 0, 0, 1, 1], [1, 0, 0, 1, 1, 0, 1, 1, 1, 0, 1, 1, 0, 1, 0, 1, 0, 1, 1], [1, 1, 0, 1, 1, 1, 1, 1, 1, 0, 0, 0, 0, 1, 0, 1, 0, 1, 1], [1, 1, 0, 1, 1, 1, 0, 1, 1, 0, 0, 1, 0, 1, 0, 1, 0, 1, 1], [1, 0, 0, 1, 1, 1, 0, 1, 1, 0, 1, 1, 0, 1, 1, 0, 0, 1, 1], [1, 1, 0, 1, 1, 0, 1, 1, 1, 0, 1, 1, 0, 1, 0, 0, 0, 1, 1], [1, 0, 0, 1, 1, 0, 1, 1, 1, 0, 1, 1, 0, 1, 1, 0, 0, 1, 1], [1, 1, 0, 1, 1, 0, 1, 1, 1, 0, 0, 1, 0, 1, 0, 1, 0, 1, 1]], "fonction_de_voisinage": "voisinage", "objets": {"0": [394, 783, 840, 906, 823], "1": [911, 198, 798, 820, 509], "2": [768, 278, 335, 100, 429], "3": [477, 629, 554, 933, 862], "4": [513, 952, 365, 941, 208], "5": [636, 717, 916, 493, 460], "6": [607, 17, 142, 736, 15], "7": [138, 804, 243, 318, 232], "8": [401, 130, 157, 821, 610], "9": [998, 219, 109, 181, 509], "10": [839, 613, 513, 844, 734], "11": [637, 524, 296, 23, 757], "12": [972, 293, 494, 281, 717], "13": [527, 770, 771, 380, 892], "14": [891, 284, 400, 762, 720], "15": [807, 919, 353, 830, 584], "16": [949, 526, 70, 158, 371], "17": [193, 663, 86, 261, 582], "18": [349, 65, 890, 365, 784]}, "W": 6003, "execution_time": 0.023221450999999504, "n": 19, "p": 4}

Evaluations
[[5830, 6786, 7062, 7828], [5984, 7115, 7528, 7569], [6275, 6341, 6711, 7818], [5877, 6427, 6922, 7760], [5210, 6869, 7083, 7358], [6115, 6561, 6647, 7804], [6269, 7091, 7154, 7303], [6031, 6934, 7047, 7664], [5655, 6148, 7008, 7348], [5257, 6234, 7219, 7290], [5495, 6454, 6858, 7334]]

solution_optimale_estimee
[6269, 7091, 7154, 7303]

nb_question
3

valeur_sol_estimee
6566.517902400292

decideur
[0.6694597155252668, 0.13551243750038486, 0.10424238252685944, 0.09078546444748889]

solution_optimale
[6269, 7091, 7154, 7303]

valeur_sol_optimale
6566.517902400292

duree
3.201619863510132

gap(%)
0.0

real_opt
8974.501724834978

real_gap
26.831392942642324

real_solution_opt
[7569, 5984, 7115, 7528]