log
{"logType": "PLS1", "non_domines_approx": [[1, 0, 0, 1, 0, 1, 0, 1, 1, 0, 1, 1], [1, 0, 0, 1, 1, 1, 0, 1, 0, 0, 1, 1], [1, 1, 0, 1, 1, 1, 0, 1, 1, 0, 0, 0], [1, 0, 0, 1, 1, 1, 0, 1, 1, 0, 0, 1], [1, 0, 0, 1, 1, 1, 0, 1, 1, 0, 1, 0], [1, 0, 1, 1, 0, 1, 0, 1, 1, 0, 1, 0], [1, 1, 0, 1, 0, 1, 0, 1, 1, 0, 0, 1], [1, 0, 0, 1, 1, 0, 0, 1, 1, 0, 1, 1], [1, 1, 0, 1, 1, 0, 1, 1, 1, 0, 0, 0], [1, 1, 0, 1, 1, 0, 0, 1, 1, 0, 0, 1], [1, 0, 0, 1, 1, 0, 1, 1, 1, 0, 1, 0]], "fonction_de_voisinage": "voisinage", "objets": {"0": [394, 783, 840, 906, 823], "1": [911, 198, 798, 820, 509], "2": [768, 278, 335, 100, 429], "3": [477, 629, 554, 933, 862], "4": [513, 952, 365, 941, 208], "5": [636, 717, 916, 493, 460], "6": [607, 17, 142, 736, 15], "7": [138, 804, 243, 318, 232], "8": [401, 130, 157, 821, 610], "9": [998, 219, 109, 181, 509], "10": [839, 613, 513, 844, 734], "11": [637, 524, 296, 23, 757]}, "W": 3659, "execution_time": 0.02210393200000005, "n": 12, "p": 4}

Evaluations
[[3519, 4200, 4338, 4478], [3727, 4076, 4458, 5022], [3704, 3873, 4213, 5232], [3371, 3952, 4435, 4539], [3588, 3929, 4628, 5256], [3558, 3954, 4150, 4415], [3785, 3804, 4253, 4314], [2968, 4226, 4435, 4786], [3099, 3259, 3513, 5475], [3253, 4001, 4020, 4762], [2814, 3484, 3928, 5499]]

solution_optimale_estimee
[3727, 4076, 4458, 5022]

nb_question
3

valeur_sol_estimee
4056.9507201972615

decideur
[0.48290118009440586, 0.24351421019826577, 0.19384363250518316, 0.07974097720214524]

solution_optimale
[3727, 4076, 4458, 5022]

valeur_sol_optimale
4056.9507201972615

duree
3.3054511547088623

gap(%)
0.0

real_opt
5079.1224570356435

real_gap
20.12496736365277

real_solution_opt
[4628, 3588, 5256, 3929]