log
{"logType": "PLS1", "non_domines_approx": [[1, 1, 0, 1, 1, 1, 0, 1, 0, 0, 0], [1, 0, 0, 1, 1, 0, 0, 1, 1, 0, 1], [1, 0, 0, 1, 1, 1, 0, 1, 0, 0, 1], [1, 0, 1, 1, 1, 1, 0, 1, 1, 0, 0], [1, 0, 0, 1, 0, 1, 0, 1, 1, 0, 1], [1, 0, 0, 1, 1, 1, 1, 1, 1, 0, 0], [1, 1, 0, 1, 1, 1, 0, 0, 1, 0, 0], [1, 1, 1, 1, 0, 1, 0, 1, 0, 0, 0], [1, 1, 0, 1, 0, 1, 0, 1, 1, 0, 0], [1, 1, 0, 1, 1, 0, 0, 1, 0, 0, 1], [1, 0, 0, 1, 1, 1, 0, 0, 1, 0, 1], [1, 0, 0, 1, 0, 0, 0, 1, 1, 1, 1], [1, 0, 0, 1, 1, 0, 1, 0, 1, 0, 1], [1, 1, 0, 1, 0, 0, 0, 1, 1, 0, 1], [1, 1, 0, 1, 1, 0, 1, 0, 1, 0, 0]], "fonction_de_voisinage": "voisinage", "objets": {"0": [394, 783, 840, 906, 823], "1": [911, 198, 798, 820, 509], "2": [768, 278, 335, 100, 429], "3": [477, 629, 554, 933, 862], "4": [513, 952, 365, 941, 208], "5": [636, 717, 916, 493, 460], "6": [607, 17, 142, 736, 15], "7": [138, 804, 243, 318, 232], "8": [401, 130, 157, 821, 610], "9": [998, 219, 109, 181, 509], "10": [839, 613, 513, 844, 734]}, "W": 3341, "execution_time": 0.020448201, "n": 11, "p": 4}

Evaluations
[[3094, 3716, 4083, 4411], [2672, 3469, 3911, 4763], [3319, 3431, 4435, 4498], [3410, 3624, 4293, 4512], [3223, 3676, 3721, 4315], [3210, 3217, 4032, 5148], [3409, 3472, 3630, 4914], [3315, 3409, 3570, 3686], [3261, 3496, 3508, 4291], [3313, 3368, 3979, 4762], [3345, 3697, 3824, 4938], [2416, 3178, 3770, 4003], [2571, 3124, 3252, 5181], [3105, 3157, 3770, 4642], [2709, 2856, 3027, 5157]]

solution_optimale_estimee
[3410, 3624, 4293, 4512]

nb_question
2

valeur_sol_estimee
3608.8106468953765

decideur
[0.5480719735941689, 0.30059019182077623, 0.14744268432420335, 0.0038951502608515804]

solution_optimale
[3410, 3624, 4293, 4512]

valeur_sol_optimale
3608.8106468953765

duree
5.554563999176025

gap(%)
0.0

real_opt
5068.669733608907

real_gap
28.80162179503668

real_solution_opt
[4032, 3217, 5148, 3210]