log
{"logType": "PLS1", "non_domines_approx": [[1, 1, 0, 1, 1, 1, 0, 1, 1, 0, 1, 0, 0, 1, 0, 1, 0, 1, 1, 0], [1, 0, 0, 1, 1, 1, 0, 1, 0, 0, 1, 1, 0, 1, 0, 1, 1, 1, 0, 0], [1, 0, 0, 1, 1, 1, 0, 1, 1, 0, 1, 1, 0, 1, 0, 1, 0, 1, 1, 0], [1, 0, 0, 1, 1, 1, 0, 1, 1, 0, 1, 0, 0, 1, 1, 1, 0, 1, 1, 0], [1, 0, 0, 1, 1, 1, 0, 1, 1, 0, 1, 0, 0, 1, 0, 1, 1, 1, 1, 0], [1, 0, 0, 1, 1, 1, 0, 1, 0, 0, 1, 1, 1, 1, 0, 1, 0, 1, 0, 0], [1, 1, 0, 1, 1, 1, 0, 1, 0, 0, 1, 1, 0, 1, 0, 1, 0, 1, 0, 0], [1, 1, 0, 1, 1, 1, 0, 1, 0, 0, 1, 1, 0, 1, 0, 1, 0, 0, 1, 0]], "fonction_de_voisinage": "voisinage", "objets": {"0": [394, 783, 840], "1": [911, 198, 798], "2": [768, 278, 335], "3": [477, 629, 554], "4": [513, 952, 365], "5": [636, 717, 916], "6": [607, 17, 142], "7": [138, 804, 243], "8": [401, 130, 157], "9": [998, 219, 109], "10": [839, 613, 513], "11": [637, 524, 296], "12": [972, 293, 494], "13": [527, 770, 771], "14": [891, 284, 400], "15": [807, 919, 353], "16": [949, 526, 70], "17": [193, 663, 86], "18": [349, 65, 890], "19": [458, 64, 21]}, "W": 6232, "execution_time": 0.02018956400000249, "n": 20, "p": 2}

Evaluations
[[6486, 7243], [5007, 7900], [5984, 7569], [6088, 7329], [5758, 7571], [5431, 7667], [5735, 7572], [6539, 6974]]

solution_optimale_estimee
[6486, 7243]

nb_question
2

valeur_sol_estimee
6720.933276552561

decideur
[0.6896522106306989, 0.3103477893693011]

solution_optimale
[6486, 7243]

valeur_sol_optimale
6720.933276552561

duree
0.6569571495056152

gap(%)
0.0