log
{"logType": "PLS1", "non_domines_approx": [[1, 1, 0, 1, 1, 1, 0, 1, 0, 0, 0], [1, 0, 0, 1, 1, 1, 1, 1, 1, 0, 0], [1, 0, 0, 1, 1, 1, 0, 1, 0, 0, 1], [1, 1, 0, 1, 1, 1, 0, 0, 1, 0, 0], [1, 0, 1, 1, 1, 1, 0, 1, 1, 0, 0], [1, 1, 0, 1, 1, 0, 0, 1, 0, 0, 1], [1, 0, 0, 1, 1, 1, 0, 0, 1, 0, 1], [1, 1, 0, 1, 1, 0, 1, 0, 1, 0, 0], [1, 0, 0, 1, 1, 0, 1, 0, 1, 0, 1]], "fonction_de_voisinage": "voisinage", "objets": {"0": [394, 783, 840, 906], "1": [911, 198, 798, 820], "2": [768, 278, 335, 100], "3": [477, 629, 554, 933], "4": [513, 952, 365, 941], "5": [636, 717, 916, 493], "6": [607, 17, 142, 736], "7": [138, 804, 243, 318], "8": [401, 130, 157, 821], "9": [998, 219, 109, 181], "10": [839, 613, 513, 844]}, "W": 3341, "execution_time": 0.006297543000000072, "n": 11, "p": 3}

Evaluations
[[3716, 4083, 4411], [3217, 4032, 5148], [3431, 4435, 4498], [3409, 3630, 4914], [3410, 4293, 4512], [3313, 3979, 4762], [3345, 3824, 4938], [2709, 2856, 5157], [2571, 3124, 5181]]

solution_optimale_estimee
[3716, 4083, 4411]

nb_question
1

valeur_sol_estimee
3941.278729094085

decideur
{'[]': 0, '[0]': 0.3766010069061403, '[1]': 0.22611913724611776, '[2]': 0.21821049249295155, '[0, 1]': 0.7364508627130998, '[0, 2]': 0.5872069657568024, '[1, 2]': 0.41881658734713156, '[0, 1, 2]': 1}

solution_optimale
[3716, 4083, 4411]

valeur_sol_optimale
3941.278729094085

duree
0.17234492301940918

gap(%)
0.0