log
{"logType": "PLS1", "non_domines_approx": [[1, 1, 0, 1, 1, 1, 0, 1, 1, 0, 1, 0, 0, 1, 0, 1, 0, 1, 1, 1, 0], [1, 1, 0, 1, 1, 1, 0, 1, 0, 0, 1, 1, 0, 1, 0, 1, 0, 1, 1, 0, 0], [1, 0, 0, 1, 1, 1, 0, 1, 0, 0, 1, 1, 0, 1, 0, 1, 0, 1, 1, 0, 1], [1, 0, 0, 1, 1, 1, 0, 1, 1, 0, 1, 0, 0, 1, 0, 1, 0, 1, 1, 1, 1], [1, 0, 0, 1, 1, 1, 0, 1, 1, 0, 1, 1, 0, 1, 0, 1, 0, 1, 0, 0, 1], [1, 0, 0, 1, 1, 1, 1, 1, 1, 0, 1, 1, 0, 1, 0, 1, 0, 1, 1, 0, 0], [1, 0, 1, 1, 1, 1, 0, 1, 1, 0, 1, 1, 0, 1, 0, 1, 0, 1, 1, 0, 0], [1, 0, 0, 1, 1, 1, 0, 1, 1, 0, 1, 0, 1, 1, 0, 1, 0, 1, 1, 1, 0], [1, 0, 0, 1, 1, 1, 0, 1, 1, 0, 1, 0, 0, 1, 1, 1, 0, 1, 1, 1, 0], [1, 1, 0, 1, 1, 1, 0, 1, 0, 0, 0, 1, 0, 1, 0, 1, 0, 1, 1, 0, 1], [1, 1, 0, 1, 1, 1, 0, 1, 1, 0, 1, 1, 0, 1, 0, 1, 0, 1, 0, 0, 0], [1, 0, 0, 1, 1, 1, 0, 1, 0, 0, 1, 1, 1, 1, 0, 1, 0, 1, 1, 0, 0], [1, 1, 0, 1, 1, 1, 0, 1, 0, 0, 1, 1, 1, 1, 0, 0, 0, 1, 1, 0, 0], [1, 1, 0, 1, 1, 1, 0, 1, 0, 0, 1, 0, 0, 1, 1, 1, 0, 1, 1, 0, 0], [1, 0, 1, 1, 1, 1, 0, 1, 0, 0, 1, 0, 0, 1, 0, 1, 0, 1, 1, 0, 1], [1, 0, 1, 1, 1, 1, 0, 1, 1, 0, 1, 0, 0, 1, 0, 1, 0, 1, 0, 0, 1], [1, 0, 0, 1, 1, 1, 1, 1, 1, 0, 1, 0, 0, 1, 0, 1, 0, 1, 0, 0, 1], [1, 0, 0, 1, 1, 1, 0, 1, 1, 0, 1, 1, 0, 1, 1, 1, 0, 1, 0, 0, 0], [1, 0, 1, 1, 1, 1, 1, 1, 1, 0, 1, 0, 0, 1, 0, 1, 0, 1, 1, 0, 0], [1, 1, 1, 1, 1, 1, 0, 1, 0, 0, 0, 0, 0, 1, 0, 1, 0, 1, 1, 0, 1], [1, 1, 0, 1, 1, 1, 1, 1, 1, 0, 1, 0, 0, 1, 0, 1, 0, 1, 0, 0, 0], [1, 1, 1, 1, 1, 1, 0, 1, 0, 0, 1, 0, 1, 1, 0, 0, 0, 1, 1, 0, 0], [1, 1, 0, 1, 1, 1, 0, 1, 1, 0, 1, 0, 0, 0, 1, 1, 0, 1, 1, 0, 0], [1, 1, 0, 1, 1, 0, 0, 1, 1, 0, 1, 0, 0, 1, 1, 1, 0, 1, 1, 0, 0], [1, 0, 0, 1, 1, 1, 1, 1, 1, 0, 1, 0, 0, 1, 1, 1, 0, 1, 0, 0, 0], [1, 1, 0, 1, 1, 1, 1, 1, 1, 0, 1, 0, 0, 1, 0, 1, 0, 0, 1, 0, 0], [1, 1, 0, 1, 1, 0, 1, 1, 1, 0, 1, 0, 0, 1, 1, 1, 0, 1, 0, 0, 0], [1, 1, 0, 1, 1, 0, 1, 1, 1, 0, 1, 0, 0, 0, 1, 1, 0, 1, 1, 0, 0], [1, 0, 0, 1, 1, 1, 1, 1, 1, 0, 1, 0, 0, 1, 1, 1, 0, 0, 1, 0, 0], [1, 1, 0, 1, 1, 1, 1, 1, 1, 0, 1, 0, 0, 1, 1, 0, 0, 0, 1, 0, 0], [1, 1, 0, 1, 1, 1, 0, 1, 1, 0, 1, 1, 0, 1, 1, 0, 0, 0, 1, 0, 0]], "fonction_de_voisinage": "voisinage", "objets": {"0": [394, 783, 840, 906], "1": [911, 198, 798, 820], "2": [768, 278, 335, 100], "3": [477, 629, 554, 933], "4": [513, 952, 365, 941], "5": [636, 717, 916, 493], "6": [607, 17, 142, 736], "7": [138, 804, 243, 318], "8": [401, 130, 157, 821], "9": [998, 219, 109, 181], "10": [839, 613, 513, 844], "11": [637, 524, 296, 23], "12": [972, 293, 494, 281], "13": [527, 770, 771, 380], "14": [891, 284, 400, 762], "15": [807, 919, 353, 830], "16": [949, 526, 70, 158], "17": [193, 663, 86, 261], "18": [349, 65, 890, 365], "19": [458, 64, 21, 53], "20": [970, 902, 239, 84]}, "W": 6717, "execution_time": 0.20169695699999934, "n": 21, "p": 3}

Evaluations
[[6507, 7307, 7965], [6625, 7114, 7637], [6066, 6378, 8341], [5948, 7229, 8011], [5333, 6834, 8406], [6126, 7586, 7851], [6319, 7215, 7847], [6203, 7402, 7426], [6109, 7393, 7907], [6351, 6354, 7926], [5892, 7570, 7702], [6321, 6575, 7732], [6565, 6766, 7011], [6729, 7397, 7853], [6105, 6455, 8095], [5372, 6911, 8160], [5179, 7547, 7899], [5494, 7512, 7788], [6165, 7340, 7928], [6390, 6431, 7680], [5738, 7195, 8283], [6642, 6765, 6805], [6115, 6757, 8294], [5970, 6810, 8181], [5340, 7281, 8225], [6542, 6597, 8387], [5222, 6762, 8552], [5341, 6057, 8537], [6144, 6683, 8329], [5962, 6589, 8319], [6469, 6743, 7606]]

solution_optimale_estimee
[6507, 7307, 7965]

nb_question
1

valeur_sol_estimee
7221.664991756542

decideur
{'[]': 0, '[0]': 0.47259314057692936, '[1]': 0.49690863926210793, '[2]': 0.15611664167470196, '[0, 1]': 0.7963497651029332, '[0, 2]': 0.7426975274369313, '[1, 2]': 0.7649253019182348, '[0, 1, 2]': 1}

solution_optimale
[6729, 7397, 7853]

valeur_sol_optimale
7311.159290285044

duree
2.5975730419158936

gap(%)
1.2240780835868463