log
{"logType": "PLS1", "non_domines_approx": [[1, 1, 0, 1, 1, 1, 0, 1, 1, 0, 0, 0, 0, 1], [1, 0, 0, 1, 1, 1, 0, 1, 1, 0, 1, 0, 0, 1], [1, 0, 0, 1, 1, 1, 0, 1, 0, 0, 1, 1, 0, 1], [1, 1, 0, 1, 0, 1, 0, 1, 1, 0, 1, 0, 0, 1], [1, 1, 0, 1, 1, 0, 0, 1, 1, 0, 1, 0, 0, 1], [1, 1, 1, 1, 1, 1, 0, 1, 0, 0, 0, 0, 0, 1], [1, 1, 0, 1, 1, 1, 0, 1, 0, 0, 0, 1, 0, 1], [1, 1, 0, 1, 1, 1, 0, 1, 1, 0, 1, 0, 0, 0], [1, 1, 0, 1, 1, 0, 1, 1, 1, 0, 1, 0, 0, 0], [1, 0, 1, 1, 1, 1, 0, 1, 0, 0, 1, 0, 0, 1]], "fonction_de_voisinage": "voisinage", "objets": {"0": [394, 783, 840, 906], "1": [911, 198, 798, 820], "2": [768, 278, 335, 100], "3": [477, 629, 554, 933], "4": [513, 952, 365, 941], "5": [636, 717, 916, 493], "6": [607, 17, 142, 736], "7": [138, 804, 243, 318], "8": [401, 130, 157, 821], "9": [998, 219, 109, 181], "10": [839, 613, 513, 844], "11": [637, 524, 296, 23], "12": [972, 293, 494, 281], "13": [527, 770, 771, 380]}, "W": 4409, "execution_time": 0.034585482, "n": 14, "p": 3}

Evaluations
[[4644, 4983, 5612], [4359, 5398, 5636], [4498, 4838, 5792], [4644, 4792, 5515], [4241, 4879, 5963], [4822, 4891, 5131], [4783, 4814, 5377], [4386, 4826, 6076], [3612, 4126, 6319], [4537, 4915, 5546]]

solution_optimale_estimee
[4644, 4983, 5612]

nb_question
1

valeur_sol_estimee
5025.584747135254

decideur
{'[]': 0, '[0]': 0.1495254839321407, '[1]': 0.05700825440803414, '[2]': 0.252528559064072, '[0, 1]': 0.8194136153818747, '[0, 2]': 0.9638307463555571, '[1, 2]': 0.6570627831385021, '[0, 1, 2]': 1}

solution_optimale
[4359, 5398, 5636]

valeur_sol_optimale
5101.790028738153

duree
0.31160926818847656

gap(%)
1.4936969411449326