log
{"logType": "PLS1", "non_domines_approx": [[1, 1, 0, 1, 1, 1, 0, 1, 1, 0, 1, 0, 0, 1, 0, 1, 0], [1, 0, 0, 1, 1, 1, 0, 1, 1, 0, 1, 1, 0, 1, 0, 1, 0], [1, 1, 0, 1, 1, 0, 1, 1, 1, 0, 1, 0, 0, 1, 0, 1, 0], [1, 0, 0, 1, 1, 1, 0, 1, 1, 0, 1, 0, 0, 1, 0, 1, 1], [1, 1, 0, 1, 1, 1, 1, 1, 1, 0, 1, 0, 0, 0, 0, 1, 0], [1, 0, 0, 1, 1, 1, 0, 1, 1, 0, 1, 0, 1, 1, 0, 1, 0], [1, 1, 0, 1, 1, 1, 0, 1, 1, 0, 1, 0, 0, 1, 1, 0, 0], [1, 0, 0, 1, 1, 1, 0, 1, 1, 0, 1, 0, 0, 1, 1, 1, 0], [1, 0, 0, 1, 1, 0, 1, 1, 1, 0, 1, 0, 0, 1, 1, 1, 0], [1, 0, 0, 1, 1, 1, 1, 1, 1, 0, 1, 0, 0, 0, 1, 1, 0]], "fonction_de_voisinage": "voisinage", "objets": {"0": [394, 783, 840, 906], "1": [911, 198, 798, 820], "2": [768, 278, 335, 100], "3": [477, 629, 554, 933], "4": [513, 952, 365, 941], "5": [636, 717, 916, 493], "6": [607, 17, 142, 736], "7": [138, 804, 243, 318], "8": [401, 130, 157, 821], "9": [998, 219, 109, 181], "10": [839, 613, 513, 844], "11": [637, 524, 296, 23], "12": [972, 293, 494, 281], "13": [527, 770, 771, 380], "14": [891, 284, 400, 762], "15": [807, 919, 353, 830], "16": [949, 526, 70, 158]}, "W": 5732, "execution_time": 0.025923541000000938, "n": 17, "p": 3}

Evaluations
[[5510, 6515, 7286], [5008, 6489, 6841], [4736, 5815, 7529], [4782, 6624, 6843], [4881, 5762, 7642], [5206, 6610, 6747], [5557, 5880, 7218], [5112, 6601, 7228], [4338, 5901, 7471], [4483, 5848, 7584]]

solution_optimale_estimee
[5510, 6515, 7286]

nb_question
1

valeur_sol_estimee
6649.569690550902

decideur
{'[]': 0, '[0]': 0.29579735962819553, '[1]': 0.27111625362097536, '[2]': 0.3493469224167808, '[0, 1]': 0.8631230026409203, '[0, 2]': 0.9356935659318173, '[1, 2]': 0.8658937446443422, '[0, 1, 2]': 1}

solution_optimale
[5510, 6515, 7286]

valeur_sol_optimale
6649.569690550902

duree
0.23020291328430176

gap(%)
0.0