log
{"logType": "PLS1", "non_domines_approx": [[1, 1, 0, 1, 1, 1, 0, 1, 0, 0, 1, 0, 0], [1, 1, 0, 1, 1, 1, 1, 1, 1, 0, 0, 0, 0], [1, 1, 0, 1, 1, 1, 0, 1, 1, 0, 0, 1, 0], [1, 0, 0, 1, 1, 1, 1, 1, 1, 0, 1, 0, 0], [1, 0, 0, 1, 1, 1, 0, 1, 1, 0, 1, 1, 0], [1, 0, 0, 1, 1, 1, 0, 1, 0, 0, 1, 0, 1]], "fonction_de_voisinage": "voisinage", "objets": {"0": [394, 783, 840, 906], "1": [911, 198, 798, 820], "2": [768, 278, 335, 100], "3": [477, 629, 554, 933], "4": [513, 952, 365, 941], "5": [636, 717, 916, 493], "6": [607, 17, 142, 736], "7": [138, 804, 243, 318], "8": [401, 130, 157, 821], "9": [998, 219, 109, 181], "10": [839, 613, 513, 844], "11": [637, 524, 296, 23], "12": [972, 293, 494, 281]}, "W": 4145, "execution_time": 0.005982275000000037, "n": 13, "p": 3}

Evaluations
[[4229, 4696, 5255], [4015, 4230, 5968], [4169, 4737, 5255], [3730, 4645, 5992], [3884, 5152, 5279], [3925, 4716, 4791]]

solution_optimale_estimee
[4229, 4696, 5255]

nb_question
1

valeur_sol_estimee
4540.5950821161405

decideur
{'[]': 0, '[0]': 0.1362145743401063, '[1]': 0.01753229720720173, '[2]': 0.10240080393846518, '[0, 1]': 0.6887463814242148, '[0, 2]': 0.27994274175524425, '[1, 2]': 0.5446531749775987, '[0, 1, 2]': 1}

solution_optimale
[3884, 5152, 5279]

valeur_sol_optimale
4587.62512797178

duree
0.06602001190185547

gap(%)
1.0251501494506812