log
{"logType": "PLS1", "non_domines_approx": [[1, 0, 0, 1, 1, 1, 0, 1, 0, 0, 1, 1, 0, 1, 0, 1], [1, 1, 0, 1, 1, 1, 0, 1, 0, 0, 1, 0, 0, 1, 0, 1], [1, 0, 0, 1, 1, 1, 0, 1, 0, 0, 1, 0, 0, 1, 1, 1]], "fonction_de_voisinage": "voisinage", "objets": {"0": [394, 783, 840], "1": [911, 198, 798], "2": [768, 278, 335], "3": [477, 629, 554], "4": [513, 952, 365], "5": [636, 717, 916], "6": [607, 17, 142], "7": [138, 804, 243], "8": [401, 130, 157], "9": [998, 219, 109], "10": [839, 613, 513], "11": [637, 524, 296], "12": [972, 293, 494], "13": [527, 770, 771], "14": [891, 284, 400], "15": [807, 919, 353]}, "W": 5258, "execution_time": 0.004103951000000272, "n": 16, "p": 2}

Evaluations
[[4851, 6711], [5353, 6385], [4955, 6471]]

solution_optimale_estimee
[4851, 6711]

nb_question
1

valeur_sol_estimee
5431.319571230361

decideur
{'[]': 0, '[0]': 0.0004084768892006485, '[1]': 0.3119997694786889, '[0, 1]': 1}

solution_optimale
[5353, 6385]

valeur_sol_optimale
5674.983762102007

duree
0.009710073471069336

gap(%)
4.2936544153457135