log
{"logType": "PLS1", "non_domines_approx": [[1, 1, 0, 1, 1, 1, 0, 1, 0, 0, 0], [1, 0, 0, 1, 1, 0, 0, 1, 1, 0, 1], [1, 0, 0, 1, 1, 1, 0, 1, 0, 0, 1], [1, 0, 1, 1, 1, 1, 0, 1, 1, 0, 0], [1, 0, 0, 1, 0, 1, 0, 1, 1, 0, 1], [1, 0, 0, 1, 1, 1, 1, 1, 1, 0, 0], [1, 1, 0, 1, 1, 1, 0, 0, 1, 0, 0], [1, 1, 1, 1, 0, 1, 0, 1, 0, 0, 0], [1, 1, 0, 1, 0, 1, 0, 1, 1, 0, 0], [1, 1, 0, 1, 1, 0, 0, 1, 0, 0, 1], [1, 0, 0, 1, 1, 1, 0, 0, 1, 0, 1], [1, 0, 0, 1, 0, 0, 0, 1, 1, 1, 1], [1, 0, 0, 1, 1, 0, 1, 0, 1, 0, 1], [1, 1, 0, 1, 0, 0, 0, 1, 1, 0, 1], [1, 1, 0, 1, 1, 0, 1, 0, 1, 0, 0]], "fonction_de_voisinage": "voisinage", "objets": {"0": [394, 783, 840, 906, 823], "1": [911, 198, 798, 820, 509], "2": [768, 278, 335, 100, 429], "3": [477, 629, 554, 933, 862], "4": [513, 952, 365, 941, 208], "5": [636, 717, 916, 493, 460], "6": [607, 17, 142, 736, 15], "7": [138, 804, 243, 318, 232], "8": [401, 130, 157, 821, 610], "9": [998, 219, 109, 181, 509], "10": [839, 613, 513, 844, 734]}, "W": 3341, "execution_time": 0.020448201, "n": 11, "p": 4}

Evaluations
[[3094, 3716, 4083, 4411], [2672, 3469, 3911, 4763], [3319, 3431, 4435, 4498], [3410, 3624, 4293, 4512], [3223, 3676, 3721, 4315], [3210, 3217, 4032, 5148], [3409, 3472, 3630, 4914], [3315, 3409, 3570, 3686], [3261, 3496, 3508, 4291], [3313, 3368, 3979, 4762], [3345, 3697, 3824, 4938], [2416, 3178, 3770, 4003], [2571, 3124, 3252, 5181], [3105, 3157, 3770, 4642], [2709, 2856, 3027, 5157]]

solution_optimale_estimee
[3319, 3431, 4435, 4498]

nb_question
2

valeur_sol_estimee
4144.0289466452705

decideur
{'[]': 0, '[0]': 0.04742915157967231, '[1]': 0.08562129297522092, '[2]': 0.1927859401226426, '[3]': 0.00910280482787984, '[0, 1]': 0.780212840136594, '[0, 2]': 0.20095911380739373, '[0, 3]': 0.6887982329078114, '[1, 2]': 0.6010917496414334, '[1, 3]': 0.2871118011961713, '[2, 3]': 0.7131769927416074, '[0, 1, 2]': 0.8956273356051576, '[0, 1, 3]': 0.8540208958851461, '[0, 2, 3]': 0.8203364532883878, '[1, 2, 3]': 0.9680872252548237, '[0, 1, 2, 3]': 1}

solution_optimale
[3319, 3431, 4435, 4498]

valeur_sol_optimale
4144.0289466452705

duree
1.2822520732879639

gap(%)
0.0

real_opt
4238.772883631983

real_gap
2.2351737068189266

real_solution_opt
[3409, 3630, 4914, 3472]