log
{"logType": "PLS1", "non_domines_approx": [[1, 1, 0, 1, 1, 1, 0, 1, 1, 0, 1, 0, 0, 1, 0], [1, 0, 0, 1, 1, 1, 0, 1, 1, 0, 1, 1, 0, 1, 0], [1, 0, 0, 1, 1, 1, 0, 1, 1, 0, 1, 0, 0, 1, 1], [1, 0, 0, 1, 1, 0, 1, 1, 1, 0, 1, 0, 0, 1, 1], [1, 1, 0, 1, 1, 0, 1, 1, 1, 0, 1, 0, 0, 1, 0]], "fonction_de_voisinage": "voisinage", "objets": {"0": [394, 783, 840, 906], "1": [911, 198, 798, 820], "2": [768, 278, 335, 100], "3": [477, 629, 554, 933], "4": [513, 952, 365, 941], "5": [636, 717, 916, 493], "6": [607, 17, 142, 736], "7": [138, 804, 243, 318], "8": [401, 130, 157, 821], "9": [998, 219, 109, 181], "10": [839, 613, 513, 844], "11": [637, 524, 296, 23], "12": [972, 293, 494, 281], "13": [527, 770, 771, 380], "14": [891, 284, 400, 762]}, "W": 4854, "execution_time": 0.048400994000000086, "n": 15, "p": 3}

Evaluations
[[5157, 5596, 6456], [4655, 5659, 5922], [4759, 5682, 6398], [3985, 4982, 6641], [4383, 4896, 6699]]

solution_optimale_estimee
[5157, 5596, 6456]

nb_question
1

valeur_sol_estimee
5895.40659978123

decideur
{'[]': 0, '[0]': 0.4042794694122597, '[1]': 0.24633568429241692, '[2]': 0.42937604964159093, '[0, 1]': 0.9671045451262643, '[0, 2]': 0.8068613418552131, '[1, 2]': 0.8408728863085689, '[0, 1, 2]': 1}

solution_optimale
[5157, 5596, 6456]

valeur_sol_optimale
5895.40659978123

duree
0.03611016273498535

gap(%)
0.0

real_opt
6296.896093008317

real_gap
6.375990445084128

real_solution_opt
[5596, 5157, 6456]