log
{"logType": "PLS1", "non_domines_approx": [[1, 0, 0, 1, 0, 1], [1, 0, 0, 1, 1, 0], [0, 0, 0, 1, 1, 1], [1, 1, 0, 1, 0, 0], [1, 0, 0, 0, 1, 1], [1, 1, 0, 0, 1, 0]], "fonction_de_voisinage": "voisinage", "objets": {"0": [394, 783, 840, 906], "1": [911, 198, 798, 820], "2": [768, 278, 335, 100], "3": [477, 629, 554, 933], "4": [513, 952, 365, 941], "5": [636, 717, 916, 493]}, "W": 1849, "execution_time": 0.0018955779999999811, "n": 6, "p": 3}

Evaluations
[[2129, 2310, 2332], [1759, 2364, 2780], [1835, 2298, 2367], [1610, 2192, 2659], [2121, 2340, 2452], [1933, 2003, 2667]]

solution_optimale_estimee
[1759, 2364, 2780]

nb_question
2

valeur_sol_estimee
2332.6894876945544

decideur
{'[]': 0, '[0]': 0.1409886619447721, '[1]': 0.6355610126999642, '[2]': 0.40855311952657913, '[0, 1]': 0.8496072713980544, '[0, 2]': 0.7501641538605655, '[1, 2]': 0.6673246115231363, '[0, 1, 2]': 1}

solution_optimale
[1759, 2364, 2780]

valeur_sol_optimale
2332.6894876945544

duree
0.11307382583618164

gap(%)
0.0

real_opt
2330.124563498007

real_gap
-0.11007669876227055

real_solution_opt
[2364, 1759, 2780]