log
{"logType": "PLS1", "non_domines_approx": [[1, 1, 0, 1, 1, 1, 0, 1, 0, 0, 1, 0, 0], [1, 0, 0, 1, 1, 1, 0, 1, 1, 0, 1, 1, 0], [1, 1, 0, 1, 1, 1, 0, 1, 1, 0, 0, 1, 0], [1, 0, 0, 1, 1, 1, 0, 1, 0, 0, 1, 0, 1]], "fonction_de_voisinage": "voisinage", "objets": {"0": [394, 783, 840], "1": [911, 198, 798], "2": [768, 278, 335], "3": [477, 629, 554], "4": [513, 952, 365], "5": [636, 717, 916], "6": [607, 17, 142], "7": [138, 804, 243], "8": [401, 130, 157], "9": [998, 219, 109], "10": [839, 613, 513], "11": [637, 524, 296], "12": [972, 293, 494]}, "W": 4145, "execution_time": 0.0026019840000000016, "n": 13, "p": 2}

Evaluations
[[4229, 4696], [3884, 5152], [4169, 4737], [3925, 4791]]

solution_optimale_estimee
[3884, 5152]

nb_question
1

valeur_sol_estimee
5144.772003746799

decideur
{'[]': 0, '[0]': 0.08059660142748881, '[1]': 0.9942996874974754, '[0, 1]': 1}

solution_optimale
[3884, 5152]

valeur_sol_optimale
5144.772003746799

duree
0.012748241424560547

gap(%)
0.0

real_opt
5606.695470619108

real_gap
8.238782885443612

real_solution_opt
[4737, 4169]