log
{"logType": "PLS1", "non_domines_approx": [[1, 1, 0, 1, 1, 1, 0, 1, 0, 0, 1, 0, 0, 1, 0, 1, 0, 1, 1], [1, 0, 0, 1, 1, 1, 1, 1, 1, 0, 1, 0, 0, 1, 0, 1, 0, 1, 1], [1, 0, 0, 1, 1, 1, 0, 1, 1, 0, 1, 1, 0, 1, 0, 1, 0, 1, 1], [1, 1, 0, 1, 1, 1, 1, 1, 1, 0, 1, 0, 0, 1, 0, 0, 0, 1, 1], [1, 0, 0, 1, 1, 1, 0, 1, 0, 0, 1, 0, 1, 1, 0, 1, 0, 1, 1], [1, 1, 0, 1, 1, 1, 0, 1, 1, 0, 1, 0, 0, 1, 0, 1, 0, 0, 1], [1, 1, 0, 1, 1, 1, 0, 1, 0, 0, 1, 0, 1, 1, 0, 0, 0, 1, 1], [1, 1, 0, 1, 1, 1, 0, 1, 1, 0, 0, 1, 0, 1, 0, 1, 0, 1, 1], [1, 1, 0, 1, 1, 1, 1, 1, 1, 0, 0, 0, 0, 1, 0, 1, 0, 1, 1], [1, 1, 0, 1, 1, 1, 0, 1, 1, 0, 1, 0, 0, 1, 0, 1, 0, 1, 0], [1, 1, 0, 1, 1, 0, 1, 1, 1, 0, 1, 0, 0, 1, 0, 1, 0, 0, 1], [1, 0, 0, 1, 1, 1, 0, 1, 1, 0, 1, 0, 0, 1, 1, 1, 0, 0, 1], [1, 1, 0, 1, 1, 1, 1, 1, 1, 0, 1, 0, 0, 0, 0, 1, 0, 1, 0], [1, 0, 0, 1, 1, 1, 0, 1, 1, 0, 1, 0, 0, 1, 1, 1, 0, 1, 0], [1, 0, 0, 1, 1, 0, 1, 1, 1, 0, 1, 0, 0, 1, 1, 1, 0, 0, 1], [1, 0, 0, 1, 1, 1, 1, 1, 1, 0, 1, 0, 0, 0, 1, 1, 0, 1, 0]], "fonction_de_voisinage": "voisinage", "objets": {"0": [394, 783, 840, 906], "1": [911, 198, 798, 820], "2": [768, 278, 335, 100], "3": [477, 629, 554, 933], "4": [513, 952, 365, 941], "5": [636, 717, 916, 493], "6": [607, 17, 142, 736], "7": [138, 804, 243, 318], "8": [401, 130, 157, 821], "9": [998, 219, 109, 181], "10": [839, 613, 513, 844], "11": [637, 524, 296, 23], "12": [972, 293, 494, 281], "13": [527, 770, 771, 380], "14": [891, 284, 400, 762], "15": [807, 919, 353, 830], "16": [949, 526, 70, 158], "17": [193, 663, 86, 261], "18": [349, 65, 890, 365]}, "W": 6003, "execution_time": 0.04501482299999893, "n": 19, "p": 3}

Evaluations
[[6329, 7091, 7113], [5830, 7062, 7828], [5984, 7115, 7569], [6275, 6341, 7818], [6025, 6552, 7208], [6400, 6580, 7651], [6470, 6487, 6542], [6269, 7091, 7154], [6115, 6647, 7804], [5596, 7178, 7547], [5626, 5880, 7894], [6002, 6666, 7593], [4967, 6425, 7903], [5198, 7264, 7489], [5228, 5966, 7836], [4569, 6511, 7845]]

solution_optimale_estimee
[6329, 7091, 7113]

nb_question
1

valeur_sol_estimee
6917.195935429287

decideur
{'[]': 0, '[0]': 0.06549085169671087, '[1]': 0.15030712325722184, '[2]': 0.10730484169567989, '[0, 1]': 0.3352853124900562, '[0, 2]': 0.7031291776326891, '[1, 2]': 0.7688126363674302, '[0, 1, 2]': 1}

solution_optimale
[6329, 7091, 7113]

valeur_sol_optimale
6917.195935429287

duree
0.43085217475891113

gap(%)
0.0