log
{"logType": "PLS1", "non_domines_approx": [[1, 0, 0, 1, 1, 1, 0, 1, 0, 0, 1, 1, 0, 1], [1, 1, 0, 1, 1, 1, 0, 1, 0, 0, 0, 1, 0, 1], [1, 0, 1, 1, 1, 1, 0, 1, 0, 0, 1, 0, 0, 1], [1, 1, 1, 1, 1, 1, 0, 1, 0, 0, 0, 0, 0, 1]], "fonction_de_voisinage": "voisinage", "objets": {"0": [394, 783, 840], "1": [911, 198, 798], "2": [768, 278, 335], "3": [477, 629, 554], "4": [513, 952, 365], "5": [636, 717, 916], "6": [607, 17, 142], "7": [138, 804, 243], "8": [401, 130, 157], "9": [998, 219, 109], "10": [839, 613, 513], "11": [637, 524, 296], "12": [972, 293, 494], "13": [527, 770, 771]}, "W": 4409, "execution_time": 0.0043443800000000365, "n": 14, "p": 2}

Evaluations
[[4498, 5792], [4783, 5377], [4537, 5546], [4822, 5131]]

solution_optimale_estimee
[4498, 5792]

nb_question
1

valeur_sol_estimee
5562.767388590589

decideur
{'[]': 0, '[0]': 0.004945059952806141, '[1]': 0.8228496047840718, '[0, 1]': 1}

solution_optimale
[4498, 5792]

valeur_sol_optimale
5562.767388590589

duree
0.011847972869873047

gap(%)
1.4210854715202004e-14

real_opt
5825.136887841637

real_gap
4.50409156561922

real_solution_opt
[5377, 4783]