log
{"logType": "PLS1", "non_domines_approx": [[1, 0, 0, 1, 0, 1, 0, 1, 1, 0, 1, 1], [1, 0, 0, 1, 1, 1, 0, 1, 0, 0, 1, 1], [1, 1, 0, 1, 1, 1, 0, 1, 1, 0, 0, 0], [1, 0, 0, 1, 1, 1, 0, 1, 1, 0, 0, 1], [1, 0, 0, 1, 1, 1, 0, 1, 1, 0, 1, 0], [1, 0, 1, 1, 0, 1, 0, 1, 1, 0, 1, 0], [1, 1, 0, 1, 0, 1, 0, 1, 1, 0, 0, 1], [1, 0, 0, 1, 1, 0, 0, 1, 1, 0, 1, 1], [1, 1, 0, 1, 1, 0, 1, 1, 1, 0, 0, 0], [1, 1, 0, 1, 1, 0, 0, 1, 1, 0, 0, 1], [1, 0, 0, 1, 1, 0, 1, 1, 1, 0, 1, 0]], "fonction_de_voisinage": "voisinage", "objets": {"0": [394, 783, 840, 906, 823], "1": [911, 198, 798, 820, 509], "2": [768, 278, 335, 100, 429], "3": [477, 629, 554, 933, 862], "4": [513, 952, 365, 941, 208], "5": [636, 717, 916, 493, 460], "6": [607, 17, 142, 736, 15], "7": [138, 804, 243, 318, 232], "8": [401, 130, 157, 821, 610], "9": [998, 219, 109, 181, 509], "10": [839, 613, 513, 844, 734], "11": [637, 524, 296, 23, 757]}, "W": 3659, "execution_time": 0.02210393200000005, "n": 12, "p": 4}

Evaluations
[[3519, 4200, 4338, 4478], [3727, 4076, 4458, 5022], [3704, 3873, 4213, 5232], [3371, 3952, 4435, 4539], [3588, 3929, 4628, 5256], [3558, 3954, 4150, 4415], [3785, 3804, 4253, 4314], [2968, 4226, 4435, 4786], [3099, 3259, 3513, 5475], [3253, 4001, 4020, 4762], [2814, 3484, 3928, 5499]]

solution_optimale_estimee
[3588, 3929, 4628, 5256]

nb_question
4

valeur_sol_estimee
4345.326201317855

decideur
{'[]': 0, '[0]': 0.08550884509338585, '[1]': 0.2431123739964164, '[2]': 0.044133134913866834, '[3]': 0.16222910102982824, '[0, 1]': 0.4795866578123096, '[0, 2]': 0.6813345707947857, '[0, 3]': 0.5351782690532649, '[1, 2]': 0.5706774047358305, '[1, 3]': 0.3810631357454485, '[2, 3]': 0.5249031833637646, '[0, 1, 2]': 0.9786955173642645, '[0, 1, 3]': 0.9442725355773907, '[0, 2, 3]': 0.6838882068521537, '[1, 2, 3]': 0.8461554272722897, '[0, 1, 2, 3]': 1}

solution_optimale
[3588, 3929, 4628, 5256]

valeur_sol_optimale
4345.326201317855

duree
1.2885901927947998

gap(%)
0.0

real_opt
4333.869745405082

real_gap
-0.26434702900149887

real_solution_opt
[4628, 3588, 5256, 3929]