log
{"logType": "PLS1", "non_domines_approx": [[1, 1, 0, 1, 1, 1, 0, 1, 0, 0, 0], [1, 0, 0, 1, 1, 1, 1, 1, 1, 0, 0], [1, 0, 0, 1, 1, 1, 0, 1, 0, 0, 1], [1, 1, 0, 1, 1, 1, 0, 0, 1, 0, 0], [1, 0, 1, 1, 1, 1, 0, 1, 1, 0, 0], [1, 1, 0, 1, 1, 0, 0, 1, 0, 0, 1], [1, 0, 0, 1, 1, 1, 0, 0, 1, 0, 1], [1, 1, 0, 1, 1, 0, 1, 0, 1, 0, 0], [1, 0, 0, 1, 1, 0, 1, 0, 1, 0, 1]], "fonction_de_voisinage": "voisinage", "objets": {"0": [394, 783, 840, 906], "1": [911, 198, 798, 820], "2": [768, 278, 335, 100], "3": [477, 629, 554, 933], "4": [513, 952, 365, 941], "5": [636, 717, 916, 493], "6": [607, 17, 142, 736], "7": [138, 804, 243, 318], "8": [401, 130, 157, 821], "9": [998, 219, 109, 181], "10": [839, 613, 513, 844]}, "W": 3341, "execution_time": 0.006297543000000072, "n": 11, "p": 3}

Evaluations
[[3716, 4083, 4411], [3217, 4032, 5148], [3431, 4435, 4498], [3409, 3630, 4914], [3410, 4293, 4512], [3313, 3979, 4762], [3345, 3824, 4938], [2709, 2856, 5157], [2571, 3124, 5181]]

solution_optimale_estimee
[3217, 4032, 5148]

nb_question
3

valeur_sol_estimee
4208.560266150842

decideur
{'[]': 0, '[0]': 0.3829840638107931, '[1]': 0.28447810133328644, '[2]': 0.33939889824781844, '[0, 1]': 0.7033858578623566, '[0, 2]': 0.667852538035202, '[1, 2]': 0.7518909149770265, '[0, 1, 2]': 1}

solution_optimale
[3217, 4032, 5148]

valeur_sol_optimale
4208.560266150842

duree
0.5064220428466797

gap(%)
0.0

real_opt
4245.204609986304

real_gap
0.8631938198988252

real_solution_opt
[4032, 3217, 5148]