log
{"logType": "PLS1", "non_domines_approx": [[1, 0, 0, 1, 0, 1], [1, 0, 0, 1, 1, 0], [0, 0, 0, 1, 1, 1], [1, 1, 0, 1, 0, 0], [1, 0, 0, 0, 1, 1], [1, 1, 0, 0, 1, 0]], "fonction_de_voisinage": "voisinage", "objets": {"0": [394, 783, 840, 906, 823], "1": [911, 198, 798, 820, 509], "2": [768, 278, 335, 100, 429], "3": [477, 629, 554, 933, 862], "4": [513, 952, 365, 941, 208], "5": [636, 717, 916, 493, 460]}, "W": 1849, "execution_time": 0.0016859570000000157, "n": 6, "p": 4}

Evaluations
[[2129, 2145, 2310, 2332], [1759, 1893, 2364, 2780], [1530, 1835, 2298, 2367], [1610, 2192, 2194, 2659], [1491, 2121, 2340, 2452], [1540, 1933, 2003, 2667]]

solution_optimale_estimee
[1610, 2192, 2194, 2659]

nb_question
1

valeur_sol_estimee
2352.9094439382075

decideur
{'[]': 0, '[0]': 0.022897679554791273, '[1]': 0.04596244418116591, '[2]': 0.10427282144435857, '[3]': 0.3472030861214239, '[0, 1]': 0.7293512440419285, '[0, 2]': 0.43991733698565916, '[0, 3]': 0.4831936959945097, '[1, 2]': 0.468156350024176, '[1, 3]': 0.7480956995191758, '[2, 3]': 0.5098039987150097, '[0, 1, 2]': 0.9411562373361413, '[0, 1, 3]': 0.8956425061057081, '[0, 2, 3]': 0.7597702577985039, '[1, 2, 3]': 0.9973202764507146, '[0, 1, 2, 3]': 1}

solution_optimale
[1610, 2192, 2194, 2659]

valeur_sol_optimale
2352.9094439382075

duree
0.09551715850830078

gap(%)
0.0

real_opt
2302.9107332424187

real_gap
-2.1711093692890273

real_solution_opt
[2129, 2310, 2332, 2145]