log
{"logType": "PLS1", "non_domines_approx": [[1, 1, 0, 1, 1, 1, 0, 1, 1, 0, 1, 0, 0, 1, 0], [1, 0, 0, 1, 1, 1, 0, 1, 1, 0, 1, 1, 0, 1, 0], [1, 0, 0, 1, 1, 1, 0, 1, 1, 0, 1, 0, 0, 1, 1], [1, 1, 0, 1, 1, 1, 0, 1, 1, 0, 0, 1, 0, 1, 0], [1, 1, 0, 1, 1, 0, 1, 1, 1, 0, 1, 0, 0, 1, 0], [1, 1, 0, 1, 1, 0, 0, 1, 1, 0, 1, 1, 0, 1, 0], [1, 0, 0, 1, 1, 0, 0, 1, 1, 0, 1, 1, 0, 1, 1], [1, 0, 1, 1, 0, 1, 0, 1, 1, 0, 1, 1, 0, 1, 0], [1, 0, 0, 1, 1, 0, 1, 1, 1, 0, 1, 0, 0, 1, 1]], "fonction_de_voisinage": "voisinage", "objets": {"0": [394, 783, 840, 906, 823], "1": [911, 198, 798, 820, 509], "2": [768, 278, 335, 100, 429], "3": [477, 629, 554, 933, 862], "4": [513, 952, 365, 941, 208], "5": [636, 717, 916, 493, 460], "6": [607, 17, 142, 736, 15], "7": [138, 804, 243, 318, 232], "8": [401, 130, 157, 821, 610], "9": [998, 219, 109, 181, 509], "10": [839, 613, 513, 844, 734], "11": [637, 524, 296, 23, 757], "12": [972, 293, 494, 281, 717], "13": [527, 770, 771, 380, 892], "14": [891, 284, 400, 762, 720]}, "W": 4854, "execution_time": 0.0108005659999999, "n": 15, "p": 4}

Evaluations
[[5157, 5330, 5596, 6456], [4655, 5578, 5659, 5922], [4759, 5541, 5682, 6398], [4940, 5353, 5507, 5635], [4383, 4885, 4896, 6699], [4537, 5403, 5627, 5986], [4139, 5489, 5838, 5928], [4625, 4818, 5248, 5799], [3985, 4982, 5096, 6641]]

solution_optimale_estimee
[4759, 5541, 5682, 6398]

nb_question
2

valeur_sol_estimee
5700.352318825305

decideur
{'[]': 0, '[0]': 0.12858604071551527, '[1]': 0.0954347752821032, '[2]': 0.044418196430908274, '[3]': 0.19275007121521592, '[0, 1]': 0.5292174946387872, '[0, 2]': 0.6946813080048295, '[0, 3]': 0.5381684913579398, '[1, 2]': 0.5723257367241875, '[1, 3]': 0.4878366096604666, '[2, 3]': 0.24414259557286688, '[0, 1, 2]': 0.7005802901636112, '[0, 1, 3]': 0.9572431922513028, '[0, 2, 3]': 0.8586659267421471, '[1, 2, 3]': 0.9832725854980003, '[0, 1, 2, 3]': 1}

solution_optimale
[4759, 5541, 5682, 6398]

valeur_sol_optimale
5700.352318825305

duree
0.3939518928527832

gap(%)
0.0

real_opt
5318.46030277028

real_gap
-7.180499511411327

real_solution_opt
[5596, 5157, 6456, 5330]