log
{"logType": "PLS1", "non_domines_approx": [[1, 1, 0, 1, 1, 1, 0, 1, 0, 0, 1, 0, 0], [1, 0, 0, 1, 1, 1, 0, 1, 1, 0, 1, 1, 0], [1, 1, 0, 1, 1, 1, 0, 1, 1, 0, 0, 1, 0], [1, 0, 0, 1, 1, 1, 0, 1, 0, 0, 1, 0, 1]], "fonction_de_voisinage": "voisinage", "objets": {"0": [394, 783, 840], "1": [911, 198, 798], "2": [768, 278, 335], "3": [477, 629, 554], "4": [513, 952, 365], "5": [636, 717, 916], "6": [607, 17, 142], "7": [138, 804, 243], "8": [401, 130, 157], "9": [998, 219, 109], "10": [839, 613, 513], "11": [637, 524, 296], "12": [972, 293, 494]}, "W": 4145, "execution_time": 0.0026019840000000016, "n": 13, "p": 2}

Evaluations
[[4229, 4696], [3884, 5152], [4169, 4737], [3925, 4791]]

solution_optimale_estimee
[4229, 4696]

nb_question
1

valeur_sol_estimee
4512.757822622012

decideur
{'[]': 0, '[0]': 0.9693628179909147, '[1]': 0.607618463858699, '[0, 1]': 1}

solution_optimale
[3884, 5152]

valeur_sol_optimale
4654.46021217283

duree
0.01460576057434082

gap(%)
3.044443030799229