log
{"logType": "PLS1", "non_domines_approx": [[1, 0, 0, 1, 1, 0, 0, 1, 1], [1, 0, 0, 1, 1, 1, 0, 1, 0], [1, 0, 0, 1, 1, 1, 0, 0, 1], [1, 0, 0, 1, 1, 0, 1, 0, 1]], "fonction_de_voisinage": "voisinage", "objets": {"0": [394, 783, 840, 906], "1": [911, 198, 798, 820], "2": [768, 278, 335, 100], "3": [477, 629, 554, 933], "4": [513, 952, 365, 941], "5": [636, 717, 916, 493], "6": [607, 17, 142, 736], "7": [138, 804, 243, 318], "8": [401, 130, 157, 821]}, "W": 2422, "execution_time": 0.007385476000000002, "n": 9, "p": 3}

Evaluations
[[2159, 3298, 3919], [2918, 3591, 3885], [2832, 3211, 4094], [2058, 2511, 4337]]

solution_optimale_estimee
[2918, 3591, 3885]

nb_question
1

valeur_sol_estimee
3591.7545901797616

decideur
{'[]': 0, '[0]': 0.3894561057277801, '[1]': 0.11217990339116712, '[2]': 0.5203160988951339, '[0, 1]': 0.6914557702464089, '[0, 2]': 0.9303664262521248, '[1, 2]': 0.7738211844050409, '[0, 1, 2]': 1}

solution_optimale
[2918, 3591, 3885]

valeur_sol_optimale
3591.7545901797616

duree
0.021113157272338867

gap(%)
0.0

real_opt
3771.894894118089

real_gap
4.77585693650262

real_solution_opt
[3885, 2918, 3591]