log
{"logType": "PLS1", "non_domines_approx": [[1, 0, 0, 1, 1, 1, 0, 1, 0, 0, 1, 1, 0, 1, 0, 1], [1, 1, 0, 1, 1, 1, 0, 1, 1, 0, 1, 0, 0, 1, 0, 0], [1, 1, 0, 1, 1, 1, 0, 1, 0, 0, 1, 0, 0, 1, 0, 1], [1, 0, 0, 1, 1, 1, 0, 1, 1, 0, 1, 0, 0, 1, 0, 1], [1, 0, 0, 1, 1, 1, 0, 1, 0, 0, 1, 0, 0, 1, 1, 1], [1, 1, 0, 1, 1, 1, 0, 1, 1, 0, 1, 0, 0, 0, 1, 0], [1, 1, 0, 1, 1, 1, 0, 1, 1, 0, 1, 0, 0, 0, 0, 1], [1, 1, 0, 1, 1, 0, 0, 1, 1, 0, 1, 0, 0, 1, 0, 1], [1, 0, 0, 1, 1, 0, 0, 1, 1, 0, 1, 0, 0, 1, 1, 1], [1, 0, 0, 1, 1, 1, 0, 1, 1, 0, 1, 0, 0, 0, 1, 1], [1, 1, 0, 1, 1, 0, 1, 1, 1, 0, 1, 0, 0, 0, 1, 0], [1, 1, 0, 1, 1, 0, 1, 1, 1, 0, 1, 0, 0, 0, 0, 1], [1, 0, 0, 1, 1, 0, 1, 1, 1, 0, 1, 0, 0, 0, 1, 1]], "fonction_de_voisinage": "voisinage", "objets": {"0": [394, 783, 840, 906], "1": [911, 198, 798, 820], "2": [768, 278, 335, 100], "3": [477, 629, 554, 933], "4": [513, 952, 365, 941], "5": [636, 717, 916, 493], "6": [607, 17, 142, 736], "7": [138, 804, 243, 318], "8": [401, 130, 157, 821], "9": [998, 219, 109, 181], "10": [839, 613, 513, 844], "11": [637, 524, 296, 23], "12": [972, 293, 494, 281], "13": [527, 770, 771, 380], "14": [891, 284, 400, 762], "15": [807, 919, 353, 830]}, "W": 5258, "execution_time": 0.04877238100000003, "n": 16, "p": 3}

Evaluations
[[4851, 5668, 6711], [5157, 5596, 6456], [5353, 6385, 6465], [4712, 6317, 6466], [4955, 6407, 6471], [4786, 5110, 6838], [4739, 5745, 6906], [4594, 5798, 6793], [4196, 5884, 6735], [4341, 5831, 6848], [4012, 4410, 7081], [3965, 5045, 7149], [3567, 5131, 7091]]

solution_optimale_estimee
[5353, 6385, 6465]

nb_question
2

valeur_sol_estimee
6049.226050171877

decideur
{'[]': 0, '[0]': 0.6027611508116009, '[1]': 0.6325076173018881, '[2]': 0.5215600471763441, '[0, 1]': 0.8888931361067516, '[0, 2]': 0.8947544002819675, '[1, 2]': 0.6342066341063667, '[0, 1, 2]': 1}

solution_optimale
[5353, 6385, 6465]

valeur_sol_optimale
6049.226050171877

duree
0.5321798324584961

gap(%)
0.0

real_opt
6249.325982661256

real_gap
3.201944226378245

real_solution_opt
[6385, 5353, 6465]