log
{"logType": "PLS1", "non_domines_approx": [[1, 0, 0, 1, 1, 0, 0, 1, 1], [1, 0, 0, 1, 1, 1, 0, 1, 0], [1, 0, 0, 1, 1, 1, 0, 0, 1], [1, 0, 0, 1, 1, 0, 1, 0, 1]], "fonction_de_voisinage": "voisinage", "objets": {"0": [394, 783, 840, 906], "1": [911, 198, 798, 820], "2": [768, 278, 335, 100], "3": [477, 629, 554, 933], "4": [513, 952, 365, 941], "5": [636, 717, 916, 493], "6": [607, 17, 142, 736], "7": [138, 804, 243, 318], "8": [401, 130, 157, 821]}, "W": 2422, "execution_time": 0.007385476000000002, "n": 9, "p": 3}

Evaluations
[[2159, 3298, 3919], [2918, 3591, 3885], [2832, 3211, 4094], [2058, 2511, 4337]]

solution_optimale_estimee
[2159, 3298, 3919]

nb_question
1

valeur_sol_estimee
3231.9678425305233

decideur
{'[]': 0, '[0]': 0.1301220457346327, '[1]': 0.09725047977485268, '[2]': 0.01508896632305834, '[0, 1]': 0.5941475760253663, '[0, 2]': 0.8803927057870569, '[1, 2]': 0.9337994683440776, '[0, 1, 2]': 1}

solution_optimale
[2918, 3591, 3885]

valeur_sol_optimale
3550.8831982945435

duree
0.024430036544799805

gap(%)
8.98129670717394