log
{"logType": "PLS1", "non_domines_approx": [[1, 1, 0, 1, 1, 1, 0, 1, 0, 0, 1, 0, 0, 1, 0, 1, 0, 1, 1], [1, 0, 0, 1, 1, 1, 0, 1, 1, 0, 1, 1, 0, 1, 0, 1, 0, 1, 1], [1, 0, 0, 1, 1, 1, 0, 1, 0, 0, 1, 0, 1, 1, 0, 1, 0, 1, 1], [1, 1, 0, 1, 1, 1, 0, 1, 1, 0, 1, 0, 0, 1, 0, 1, 0, 0, 1], [1, 1, 0, 1, 1, 1, 0, 1, 0, 0, 1, 0, 1, 1, 0, 0, 0, 1, 1], [1, 1, 0, 1, 1, 1, 0, 1, 1, 0, 0, 1, 0, 1, 0, 1, 0, 1, 1]], "fonction_de_voisinage": "voisinage", "objets": {"0": [394, 783, 840], "1": [911, 198, 798], "2": [768, 278, 335], "3": [477, 629, 554], "4": [513, 952, 365], "5": [636, 717, 916], "6": [607, 17, 142], "7": [138, 804, 243], "8": [401, 130, 157], "9": [998, 219, 109], "10": [839, 613, 513], "11": [637, 524, 296], "12": [972, 293, 494], "13": [527, 770, 771], "14": [891, 284, 400], "15": [807, 919, 353], "16": [949, 526, 70], "17": [193, 663, 86], "18": [349, 65, 890]}, "W": 6003, "execution_time": 0.008819451999999117, "n": 19, "p": 2}

Evaluations
[[6329, 7113], [5984, 7569], [6025, 7208], [6400, 6580], [6470, 6487], [6269, 7154]]

solution_optimale_estimee
[5984, 7569]

nb_question
1

valeur_sol_estimee
6710.6821341531995

decideur
{'[]': 0, '[0]': 0.7167784961481982, '[1]': 0.4584745325887697, '[0, 1]': 1}

solution_optimale
[5984, 7569]

valeur_sol_optimale
6710.6821341531995

duree
0.028039932250976562

gap(%)
0.0

real_opt
6618.578647435091

real_gap
-1.391590122658755

real_solution_opt
[7569, 5984]