log
{"logType": "PLS1", "non_domines_approx": [[1, 0, 0, 1, 1, 1, 1, 1, 1, 0, 1, 0, 0, 1, 0, 1, 0, 1, 1], [1, 0, 0, 1, 1, 1, 0, 1, 1, 0, 1, 1, 0, 1, 0, 1, 0, 1, 1], [1, 1, 0, 1, 1, 1, 1, 1, 1, 0, 1, 0, 0, 1, 0, 0, 0, 1, 1], [1, 0, 0, 1, 1, 1, 1, 1, 1, 0, 1, 0, 0, 1, 1, 0, 0, 1, 1], [1, 0, 0, 1, 1, 0, 1, 1, 1, 0, 1, 1, 0, 1, 0, 1, 0, 1, 1], [1, 1, 0, 1, 1, 1, 1, 1, 1, 0, 0, 0, 0, 1, 0, 1, 0, 1, 1], [1, 1, 0, 1, 1, 1, 0, 1, 1, 0, 0, 1, 0, 1, 0, 1, 0, 1, 1], [1, 0, 0, 1, 1, 1, 0, 1, 1, 0, 1, 1, 0, 1, 1, 0, 0, 1, 1], [1, 1, 0, 1, 1, 0, 1, 1, 1, 0, 1, 1, 0, 1, 0, 0, 0, 1, 1], [1, 0, 0, 1, 1, 0, 1, 1, 1, 0, 1, 1, 0, 1, 1, 0, 0, 1, 1], [1, 1, 0, 1, 1, 0, 1, 1, 1, 0, 0, 1, 0, 1, 0, 1, 0, 1, 1]], "fonction_de_voisinage": "voisinage", "objets": {"0": [394, 783, 840, 906, 823], "1": [911, 198, 798, 820, 509], "2": [768, 278, 335, 100, 429], "3": [477, 629, 554, 933, 862], "4": [513, 952, 365, 941, 208], "5": [636, 717, 916, 493, 460], "6": [607, 17, 142, 736, 15], "7": [138, 804, 243, 318, 232], "8": [401, 130, 157, 821, 610], "9": [998, 219, 109, 181, 509], "10": [839, 613, 513, 844, 734], "11": [637, 524, 296, 23, 757], "12": [972, 293, 494, 281, 717], "13": [527, 770, 771, 380, 892], "14": [891, 284, 400, 762, 720], "15": [807, 919, 353, 830, 584], "16": [949, 526, 70, 158, 371], "17": [193, 663, 86, 261, 582], "18": [349, 65, 890, 365, 784]}, "W": 6003, "execution_time": 0.023221450999999504, "n": 19, "p": 4}

Evaluations
[[5830, 6786, 7062, 7828], [5984, 7115, 7528, 7569], [6275, 6341, 6711, 7818], [5877, 6427, 6922, 7760], [5210, 6869, 7083, 7358], [6115, 6561, 6647, 7804], [6269, 7091, 7154, 7303], [6031, 6934, 7047, 7664], [5655, 6148, 7008, 7348], [5257, 6234, 7219, 7290], [5495, 6454, 6858, 7334]]

solution_optimale_estimee
[5984, 7115, 7528, 7569]

nb_question
1

valeur_sol_estimee
7286.089547317903

decideur
{'[]': 0, '[0]': 0.18287451056460868, '[1]': 0.061218136435169934, '[2]': 0.08619891349318387, '[3]': 0.10619118004089889, '[0, 1]': 0.23160767337547483, '[0, 2]': 0.6564992095997171, '[0, 3]': 0.6250865045287084, '[1, 2]': 0.4695003106514326, '[1, 3]': 0.31181014023080544, '[2, 3]': 0.8176260302871797, '[0, 1, 2]': 0.9825861786333068, '[0, 1, 3]': 0.8825037000507355, '[0, 2, 3]': 0.9754018731284785, '[1, 2, 3]': 0.8488560198299039, '[0, 1, 2, 3]': 1}

solution_optimale
[5984, 7115, 7528, 7569]

valeur_sol_optimale
7286.089547317903

duree
0.2626659870147705

gap(%)
0.0

real_opt
7897.1344253815905

real_gap
7.7375519416229395

real_solution_opt
[7569, 5984, 7115, 7528]