log
{"logType": "PLS1", "non_domines_approx": [[1, 0, 0, 1, 1, 1, 0, 1, 0, 0, 1, 1], [1, 0, 0, 1, 1, 1, 0, 1, 1, 0, 1, 0], [1, 1, 0, 1, 1, 1, 0, 1, 1, 0, 0, 0], [1, 0, 0, 1, 1, 0, 1, 1, 1, 0, 1, 0], [1, 1, 0, 1, 1, 0, 1, 1, 1, 0, 0, 0]], "fonction_de_voisinage": "voisinage", "objets": {"0": [394, 783, 840, 906], "1": [911, 198, 798, 820], "2": [768, 278, 335, 100], "3": [477, 629, 554, 933], "4": [513, 952, 365, 941], "5": [636, 717, 916, 493], "6": [607, 17, 142, 736], "7": [138, 804, 243, 318], "8": [401, 130, 157, 821], "9": [998, 219, 109, 181], "10": [839, 613, 513, 844], "11": [637, 524, 296, 23]}, "W": 3659, "execution_time": 0.006046393999999955, "n": 12, "p": 3}

Evaluations
[[3727, 4458, 5022], [3588, 4628, 5256], [3873, 4213, 5232], [2814, 3928, 5499], [3099, 3513, 5475]]

solution_optimale_estimee
[3727, 4458, 5022]

nb_question
1

valeur_sol_estimee
4731.701981186267

decideur
{'[]': 0, '[0]': 0.3096231739569927, '[1]': 0.1809688102502841, '[2]': 0.5370509435301157, '[0, 1]': 0.8405847285938073, '[0, 2]': 0.8639799350895966, '[1, 2]': 0.9600619001850643, '[0, 1, 2]': 1}

solution_optimale
[3588, 4628, 5256]

valeur_sol_optimale
4923.73236872938

duree
0.03630685806274414

gap(%)
3.9000979980694694