log
{"logType": "PLS1", "non_domines_approx": [[1, 0, 0, 1, 1, 1, 1, 1, 1, 0, 1, 0, 0, 1, 0, 1, 0, 1, 1, 0], [1, 0, 0, 1, 0, 1, 0, 1, 1, 0, 1, 1, 0, 1, 0, 1, 0, 1, 1, 1], [1, 1, 0, 1, 1, 1, 0, 1, 1, 0, 1, 0, 0, 1, 0, 1, 0, 1, 1, 0], [1, 0, 0, 1, 1, 1, 0, 1, 1, 0, 1, 1, 0, 1, 0, 1, 0, 1, 1, 0], [1, 0, 0, 1, 1, 1, 0, 1, 1, 0, 1, 0, 0, 1, 0, 1, 0, 1, 1, 1], [1, 1, 0, 1, 1, 1, 0, 1, 1, 0, 1, 0, 0, 1, 0, 0, 0, 1, 1, 1], [1, 0, 0, 1, 1, 1, 0, 1, 1, 0, 1, 0, 0, 1, 1, 1, 0, 1, 1, 0], [1, 0, 0, 1, 1, 1, 1, 1, 1, 0, 1, 1, 0, 1, 0, 0, 0, 1, 1, 1], [1, 0, 0, 1, 1, 1, 1, 1, 1, 0, 1, 1, 0, 1, 0, 1, 0, 1, 0, 0], [1, 1, 0, 1, 1, 0, 1, 1, 1, 0, 1, 0, 0, 1, 0, 1, 0, 1, 1, 0], [1, 0, 0, 1, 1, 1, 0, 1, 1, 0, 1, 0, 0, 1, 0, 1, 1, 1, 1, 0], [1, 0, 0, 1, 1, 0, 1, 1, 1, 0, 1, 0, 0, 1, 1, 1, 0, 1, 1, 0], [1, 0, 0, 1, 1, 1, 0, 1, 1, 0, 1, 1, 0, 1, 0, 1, 0, 1, 0, 1], [1, 1, 0, 1, 0, 1, 0, 1, 1, 0, 0, 1, 0, 1, 0, 1, 0, 1, 1, 1], [1, 1, 0, 1, 0, 1, 0, 1, 1, 0, 1, 0, 0, 1, 0, 1, 0, 1, 1, 1], [1, 0, 0, 1, 1, 0, 0, 1, 1, 0, 1, 1, 0, 1, 0, 1, 0, 1, 1, 1], [1, 0, 0, 1, 0, 1, 0, 1, 1, 0, 1, 0, 1, 1, 0, 1, 0, 1, 1, 1], [1, 0, 0, 1, 0, 1, 0, 1, 1, 0, 1, 1, 1, 1, 0, 0, 0, 1, 1, 1], [1, 0, 0, 1, 1, 1, 0, 0, 1, 0, 1, 1, 0, 1, 0, 1, 0, 1, 1, 1], [1, 0, 0, 1, 0, 1, 0, 1, 1, 0, 1, 1, 0, 1, 1, 0, 0, 1, 1, 1], [1, 1, 0, 1, 0, 0, 0, 1, 1, 0, 1, 1, 0, 1, 0, 1, 0, 1, 1, 1], [1, 0, 1, 1, 0, 1, 0, 1, 1, 0, 1, 1, 0, 1, 0, 1, 0, 1, 1, 0], [1, 0, 0, 1, 0, 0, 0, 1, 1, 0, 1, 1, 1, 1, 0, 1, 0, 1, 1, 1], [1, 1, 0, 1, 0, 1, 0, 1, 1, 0, 1, 1, 0, 1, 0, 0, 0, 1, 1, 1], [1, 0, 1, 1, 0, 1, 0, 1, 0, 0, 1, 1, 0, 1, 0, 1, 0, 1, 1, 1], [1, 0, 0, 1, 1, 1, 0, 1, 0, 0, 1, 1, 0, 1, 0, 1, 0, 1, 1, 1], [1, 0, 0, 1, 1, 1, 0, 1, 1, 0, 1, 1, 0, 1, 0, 1, 0, 0, 1, 1], [1, 0, 0, 1, 0, 0, 0, 1, 1, 0, 1, 1, 0, 1, 1, 1, 0, 1, 1, 1], [1, 0, 0, 1, 0, 1, 0, 1, 1, 0, 1, 0, 0, 1, 1, 1, 0, 1, 1, 1], [1, 1, 0, 1, 1, 1, 0, 1, 1, 0, 1, 1, 0, 1, 0, 0, 0, 1, 1, 0], [1, 1, 0, 1, 1, 1, 0, 1, 1, 0, 0, 1, 0, 1, 0, 1, 0, 1, 1, 0], [1, 1, 0, 1, 1, 0, 0, 1, 1, 0, 1, 1, 0, 1, 0, 1, 0, 1, 1, 0], [1, 1, 0, 1, 1, 0, 0, 1, 1, 0, 1, 0, 0, 1, 0, 1, 0, 1, 1, 1], [1, 0, 0, 1, 1, 1, 0, 1, 1, 0, 1, 1, 1, 1, 0, 0, 0, 1, 1, 0], [1, 0, 0, 1, 1, 0, 0, 1, 1, 0, 1, 1, 0, 1, 1, 1, 0, 1, 1, 0], [1, 0, 0, 1, 1, 1, 0, 1, 1, 0, 1, 1, 0, 1, 1, 0, 0, 1, 1, 0], [1, 0, 0, 1, 1, 1, 0, 1, 1, 0, 1, 0, 0, 1, 1, 0, 0, 1, 1, 1], [1, 0, 0, 1, 1, 1, 0, 1, 0, 0, 1, 0, 0, 1, 1, 1, 0, 1, 1, 1], [1, 0, 0, 1, 1, 0, 0, 1, 1, 0, 1, 0, 1, 1, 0, 1, 0, 1, 1, 1], [1, 0, 0, 1, 1, 0, 0, 1, 1, 0, 1, 0, 0, 1, 1, 1, 0, 1, 1, 1], [1, 1, 0, 1, 0, 1, 0, 1, 1, 0, 1, 0, 0, 1, 1, 0, 0, 1, 1, 1], [1, 1, 0, 1, 1, 1, 0, 1, 0, 0, 1, 1, 0, 1, 0, 0, 0, 1, 1, 1], [1, 1, 0, 1, 1, 0, 0, 1, 1, 0, 1, 0, 0, 1, 1, 0, 0, 1, 1, 1], [1, 1, 0, 1, 1, 1, 0, 1, 0, 0, 0, 1, 0, 1, 0, 1, 0, 1, 1, 1], [1, 0, 0, 1, 1, 0, 0, 1, 0, 0, 1, 1, 0, 1, 1, 1, 0, 1, 1, 1], [1, 0, 0, 1, 1, 1, 0, 1, 0, 0, 1, 1, 1, 1, 0, 0, 0, 1, 1, 1], [1, 0, 0, 1, 1, 1, 0, 1, 0, 0, 1, 1, 0, 1, 1, 0, 0, 1, 1, 1], [1, 1, 0, 1, 0, 0, 0, 1, 1, 0, 1, 1, 0, 1, 1, 0, 0, 1, 1, 1]], "fonction_de_voisinage": "voisinage", "objets": {"0": [394, 783, 840, 906, 823], "1": [911, 198, 798, 820, 509], "2": [768, 278, 335, 100, 429], "3": [477, 629, 554, 933, 862], "4": [513, 952, 365, 941, 208], "5": [636, 717, 916, 493, 460], "6": [607, 17, 142, 736, 15], "7": [138, 804, 243, 318, 232], "8": [401, 130, 157, 821, 610], "9": [998, 219, 109, 181, 509], "10": [839, 613, 513, 844, 734], "11": [637, 524, 296, 23, 757], "12": [972, 293, 494, 281, 717], "13": [527, 770, 771, 380, 892], "14": [891, 284, 400, 762, 720], "15": [807, 919, 353, 830, 584], "16": [949, 526, 70, 158, 371], "17": [193, 663, 86, 261, 582], "18": [349, 65, 890, 365, 784], "19": [458, 64, 21, 53, 859]}, "W": 6232, "execution_time": 0.5082661030000004, "n": 20, "p": 4}

Evaluations
[[5830, 6786, 7062, 7828], [5640, 6227, 6681, 8179], [6486, 7243, 7280, 7912], [5984, 7115, 7528, 7569], [5709, 7109, 7145, 7630], [6154, 6388, 7135, 7555], [6088, 7329, 7491, 7854], [5794, 6731, 7074, 7818], [5236, 6759, 7486, 7521], [5712, 6543, 6835, 8155], [5758, 7142, 7250, 7571], [5314, 6629, 7046, 8097], [5115, 6803, 7568, 7603], [5925, 6203, 6266, 7954], [6142, 6355, 7024, 7931], [5089, 6675, 6916, 7927], [5838, 6450, 6485, 8139], [5678, 5781, 6055, 8312], [5762, 6829, 6850, 8155], [5687, 6046, 6159, 8315], [5522, 6162, 6554, 8228], [5954, 6274, 6895, 7749], [5218, 6015, 6257, 8436], [5960, 6085, 6217, 8104], [5506, 5818, 6829, 7998], [5848, 6347, 7503, 7777], [5919, 6907, 6970, 7805], [5124, 6248, 6496, 8439], [5744, 6441, 6966, 8142], [6429, 6848, 7105, 7453], [6269, 7091, 7154, 7303], [5866, 7050, 7442, 7577], [5591, 6590, 7472, 7679], [6125, 6566, 6943, 7661], [5468, 7136, 7384, 7788], [6031, 6934, 7047, 7664], [5756, 6474, 7077, 7766], [5952, 7086, 7263, 7740], [5287, 6685, 6933, 7887], [5193, 6676, 7414, 7890], [5720, 6189, 6956, 8067], [6293, 6337, 6782, 7702], [5638, 5955, 7404, 7815], [6133, 6323, 7088, 7552], [5332, 6616, 7070, 8037], [5798, 5989, 6877, 7910], [5895, 6279, 6868, 7913], [5527, 5569, 6486, 8364]]

solution_optimale_estimee
[6088, 7329, 7491, 7854]

nb_question
3

valeur_sol_estimee
7345.949978925755

decideur
{'[]': 0, '[0]': 0.10489385677172758, '[1]': 0.09538042897896981, '[2]': 0.14294117550980723, '[3]': 0.03049764988212078, '[0, 1]': 0.34625800157080067, '[0, 2]': 0.7193318838798072, '[0, 3]': 0.5516948850699814, '[1, 2]': 0.2575168574558355, '[1, 3]': 0.6411132958352079, '[2, 3]': 0.45958881482380676, '[0, 1, 2]': 0.7683994793053613, '[0, 1, 3]': 0.9540146227223248, '[0, 2, 3]': 0.8034581825569377, '[1, 2, 3]': 0.9447429041233589, '[0, 1, 2, 3]': 1}

solution_optimale
[6088, 7329, 7491, 7854]

valeur_sol_optimale
7345.949978925755

duree
24.652364015579224

gap(%)
0.0

real_opt
7125.0238999936155

real_gap
-3.1007064963296216

real_solution_opt
[7243, 6486, 7912, 7280]