log
{"logType": "PLS1", "non_domines_approx": [[1, 1, 0, 1, 1, 1, 0, 1, 1, 0, 1, 0, 0, 1, 0], [1, 0, 0, 1, 1, 1, 0, 1, 1, 0, 1, 1, 0, 1, 0], [1, 0, 0, 1, 1, 1, 0, 1, 1, 0, 1, 0, 0, 1, 1]], "fonction_de_voisinage": "voisinage", "objets": {"0": [394, 783, 840], "1": [911, 198, 798], "2": [768, 278, 335], "3": [477, 629, 554], "4": [513, 952, 365], "5": [636, 717, 916], "6": [607, 17, 142], "7": [138, 804, 243], "8": [401, 130, 157], "9": [998, 219, 109], "10": [839, 613, 513], "11": [637, 524, 296], "12": [972, 293, 494], "13": [527, 770, 771], "14": [891, 284, 400]}, "W": 4854, "execution_time": 0.0023728179999999988, "n": 15, "p": 2}

Evaluations
[[5157, 5596], [4655, 5922], [4759, 5682]]

solution_optimale_estimee
[5157, 5596]

nb_question
1

valeur_sol_estimee
5327.745453954839

decideur
{'[]': 0, '[0]': 0.9486009567197607, '[1]': 0.3889418085531644, '[0, 1]': 1}

solution_optimale
[5157, 5596]

valeur_sol_optimale
5327.745453954839

duree
0.007101774215698242

gap(%)
1.4210854715202004e-14

real_opt
5131.394571476833

real_gap
-3.8264623728105676

real_solution_opt
[5596, 5157]