log
{"logType": "PLS1", "non_domines_approx": [[1, 0, 0, 1, 1, 0, 0, 1, 1], [1, 0, 0, 1, 1, 1, 0, 1, 0], [1, 0, 0, 1, 0, 1, 0, 1, 1], [1, 1, 0, 1, 0, 0, 0, 1, 1], [1, 0, 0, 1, 1, 1, 0, 0, 1], [1, 0, 0, 1, 1, 0, 1, 0, 1], [1, 0, 1, 1, 0, 1, 0, 1, 0]], "fonction_de_voisinage": "voisinage", "objets": {"0": [394, 783, 840, 906, 823], "1": [911, 198, 798, 820, 509], "2": [768, 278, 335, 100, 429], "3": [477, 629, 554, 933, 862], "4": [513, 952, 365, 941, 208], "5": [636, 717, 916, 493, 460], "6": [607, 17, 142, 736, 15], "7": [138, 804, 243, 318, 232], "8": [401, 130, 157, 821, 610]}, "W": 2422, "execution_time": 0.007059103999999983, "n": 9, "p": 4}

Evaluations
[[2159, 2735, 3298, 3919], [2585, 2918, 3591, 3885], [2710, 2987, 3063, 3471], [2544, 2592, 3036, 3798], [2832, 2963, 3211, 4094], [2058, 2511, 2518, 4337], [2750, 2806, 2888, 3211]]

solution_optimale_estimee
[2832, 2963, 3211, 4094]

nb_question
2

valeur_sol_estimee
3183.150367800174

decideur
{'[]': 0, '[0]': 0.11161705206204109, '[1]': 0.05309474227970934, '[2]': 0.2022294404483448, '[3]': 0.18120561015247127, '[0, 1]': 0.3818576673297507, '[0, 2]': 0.2623728870920342, '[0, 3]': 0.36347726852148066, '[1, 2]': 0.365426846646121, '[1, 3]': 0.2626238646684974, '[2, 3]': 0.2892861252967268, '[0, 1, 2]': 0.689448554068005, '[0, 1, 3]': 0.8424103837018547, '[0, 2, 3]': 0.45301036479223045, '[1, 2, 3]': 0.9114721752820909, '[0, 1, 2, 3]': 1}

solution_optimale
[2832, 2963, 3211, 4094]

valeur_sol_optimale
3183.150367800174

duree
0.24105381965637207

gap(%)
0.0

real_opt
3001.4163716049666

real_gap
-6.054941190916068

real_solution_opt
[3885, 2918, 3591, 2585]