log
{"logType": "PLS1", "non_domines_approx": [[1, 0, 0, 1, 1, 1, 0, 1, 0, 0, 1, 1, 0, 1], [1, 0, 0, 1, 1, 1, 0, 1, 1, 0, 1, 0, 0, 1], [1, 0, 0, 1, 1, 1, 1, 1, 1, 0, 0, 1, 0, 1], [1, 1, 0, 1, 1, 1, 0, 1, 1, 0, 0, 0, 0, 1], [1, 0, 0, 1, 1, 0, 0, 1, 1, 0, 1, 1, 0, 1], [1, 0, 0, 1, 0, 1, 0, 1, 1, 0, 1, 1, 0, 1], [1, 0, 1, 1, 1, 1, 0, 1, 0, 0, 1, 0, 0, 1], [1, 1, 0, 1, 1, 1, 0, 1, 0, 0, 0, 1, 0, 1], [1, 1, 0, 1, 0, 1, 0, 1, 1, 0, 1, 0, 0, 1], [1, 0, 0, 1, 0, 1, 0, 1, 1, 0, 1, 0, 1, 1], [1, 1, 0, 1, 1, 0, 0, 1, 1, 0, 1, 0, 0, 1], [1, 0, 0, 1, 1, 0, 0, 1, 1, 0, 1, 0, 1, 1], [1, 0, 0, 1, 1, 1, 1, 0, 1, 0, 1, 0, 0, 1], [1, 1, 0, 1, 1, 1, 0, 1, 1, 0, 1, 0, 0, 0], [1, 1, 0, 1, 1, 0, 0, 1, 1, 0, 0, 1, 0, 1], [1, 1, 1, 1, 1, 1, 0, 1, 0, 0, 0, 0, 0, 1], [1, 1, 0, 1, 0, 1, 0, 1, 1, 0, 0, 1, 0, 1], [1, 0, 0, 1, 0, 0, 0, 1, 1, 0, 1, 1, 1, 1], [1, 1, 0, 1, 0, 0, 0, 1, 1, 0, 1, 1, 0, 1], [1, 0, 0, 1, 1, 0, 1, 0, 1, 0, 1, 1, 0, 1], [1, 1, 0, 1, 1, 0, 1, 1, 1, 0, 1, 0, 0, 0]], "fonction_de_voisinage": "voisinage", "objets": {"0": [394, 783, 840, 906, 823], "1": [911, 198, 798, 820, 509], "2": [768, 278, 335, 100, 429], "3": [477, 629, 554, 933, 862], "4": [513, 952, 365, 941, 208], "5": [636, 717, 916, 493, 460], "6": [607, 17, 142, 736, 15], "7": [138, 804, 243, 318, 232], "8": [401, 130, 157, 821, 610], "9": [998, 219, 109, 181, 509], "10": [839, 613, 513, 844, 734], "11": [637, 524, 296, 23, 757], "12": [972, 293, 494, 281, 717], "13": [527, 770, 771, 380, 892]}, "W": 4409, "execution_time": 0.07189972499999997, "n": 14, "p": 4}

Evaluations
[[4498, 4838, 4968, 5792], [4359, 4821, 5398, 5636], [4284, 4859, 5326, 5551], [4596, 4644, 4983, 5612], [3739, 5118, 5166, 5205], [4290, 4718, 4970, 5370], [4537, 4640, 4915, 5546], [4743, 4783, 4814, 5377], [4644, 4792, 5122, 5515], [4488, 4739, 4976, 5330], [4241, 4870, 4879, 5963], [3937, 4974, 5078, 5424], [4258, 4604, 4611, 6054], [4386, 4438, 4826, 6076], [4024, 4790, 4893, 5142], [4415, 4822, 4891, 5131], [4555, 4575, 4694, 5145], [3868, 4506, 4546, 5627], [4172, 4451, 5045, 5419], [3638, 4418, 4901, 5584], [3612, 3993, 4126, 6319]]

solution_optimale_estimee
[4359, 4821, 5398, 5636]

nb_question
6

valeur_sol_estimee
5258.128430663184

decideur
{'[]': 0, '[0]': 0.3564342847153532, '[1]': 0.3918493250551469, '[2]': 0.3568254879579401, '[3]': 0.06056477511023395, '[0, 1]': 0.5063509478282279, '[0, 2]': 0.7022990574296659, '[0, 3]': 0.623285305504586, '[1, 2]': 0.5161994478192233, '[1, 3]': 0.47252201546192585, '[2, 3]': 0.8271933707212973, '[0, 1, 2]': 0.9230862205626268, '[0, 1, 3]': 0.8391691485757263, '[0, 2, 3]': 0.95774396898318, '[1, 2, 3]': 0.8818689161921213, '[0, 1, 2, 3]': 1}

solution_optimale
[4359, 4821, 5398, 5636]

valeur_sol_optimale
5258.128430663184

duree
8.172011613845825

gap(%)
0.0

real_opt
5504.252788283573

real_gap
4.471530779696238

real_solution_opt
[4879, 4241, 5963, 4870]