log
{"logType": "PLS1", "non_domines_approx": [[1, 0, 0, 1, 0, 1], [1, 0, 0, 1, 1, 0], [0, 0, 0, 1, 1, 1], [1, 1, 0, 1, 0, 0], [1, 0, 0, 0, 1, 1], [1, 1, 0, 0, 1, 0]], "fonction_de_voisinage": "voisinage", "objets": {"0": [394, 783, 840, 906], "1": [911, 198, 798, 820], "2": [768, 278, 335, 100], "3": [477, 629, 554, 933], "4": [513, 952, 365, 941], "5": [636, 717, 916, 493]}, "W": 1849, "execution_time": 0.0018955779999999811, "n": 6, "p": 3}

Evaluations
[[2129, 2310, 2332], [1759, 2364, 2780], [1835, 2298, 2367], [1610, 2192, 2659], [2121, 2340, 2452], [1933, 2003, 2667]]

solution_optimale_estimee
[2129, 2310, 2332]

nb_question
1

valeur_sol_estimee
2289.172674165777

decideur
{'[]': 0, '[0]': 0.1616764170007866, '[1]': 0.3893125432113659, '[2]': 0.5006245239461771, '[0, 1]': 0.9591672865562891, '[0, 2]': 0.6655279499393707, '[1, 2]': 0.8240825118174666, '[0, 1, 2]': 1}

solution_optimale
[1759, 2364, 2780]

valeur_sol_optimale
2465.829721611177

duree
0.05415081977844238

gap(%)
7.164203022501155