log
{"logType": "PLS1", "non_domines_approx": [[1, 1, 0, 1, 1, 1, 0, 1, 1, 0, 1, 0, 0, 1, 0, 0], [1, 0, 0, 1, 1, 1, 0, 1, 0, 0, 1, 1, 0, 1, 0, 1], [1, 0, 0, 1, 1, 1, 0, 1, 1, 0, 1, 0, 0, 1, 0, 1], [1, 0, 0, 1, 1, 1, 1, 1, 1, 0, 1, 1, 0, 1, 0, 0], [1, 1, 0, 1, 1, 1, 0, 1, 0, 0, 1, 1, 0, 1, 0, 0], [1, 0, 0, 1, 1, 1, 0, 1, 1, 0, 1, 0, 1, 1, 0, 0], [1, 0, 0, 1, 1, 1, 0, 1, 1, 0, 1, 0, 0, 1, 1, 0], [1, 1, 0, 1, 1, 1, 1, 1, 1, 0, 0, 1, 0, 1, 0, 0], [1, 1, 0, 1, 0, 1, 0, 1, 1, 0, 1, 1, 0, 1, 0, 0], [1, 1, 0, 1, 1, 1, 0, 1, 0, 0, 1, 0, 0, 1, 0, 1], [1, 1, 0, 1, 1, 1, 0, 1, 1, 0, 1, 0, 0, 0, 1, 0], [1, 1, 0, 1, 1, 1, 0, 1, 1, 0, 1, 0, 0, 0, 0, 1], [1, 1, 0, 1, 0, 1, 0, 1, 1, 0, 1, 0, 0, 1, 1, 0], [1, 1, 0, 1, 1, 0, 0, 1, 1, 0, 1, 0, 0, 1, 0, 1], [1, 1, 0, 1, 0, 1, 0, 1, 1, 0, 1, 0, 0, 1, 0, 1], [1, 1, 0, 1, 1, 0, 0, 1, 1, 0, 1, 0, 0, 1, 1, 0], [1, 0, 0, 1, 1, 1, 0, 1, 0, 0, 1, 0, 0, 1, 1, 1], [1, 0, 0, 1, 1, 1, 0, 1, 0, 0, 1, 1, 0, 1, 1, 0], [1, 0, 0, 1, 0, 1, 0, 1, 1, 0, 1, 1, 0, 1, 0, 1], [1, 1, 0, 1, 1, 0, 0, 1, 0, 0, 1, 1, 0, 1, 0, 1], [1, 0, 0, 1, 1, 0, 0, 1, 1, 0, 1, 1, 0, 1, 0, 1], [1, 0, 0, 1, 1, 0, 0, 1, 0, 0, 1, 1, 0, 1, 1, 1], [1, 0, 0, 1, 1, 1, 0, 0, 1, 0, 1, 1, 0, 1, 0, 1], [1, 0, 1, 1, 0, 1, 0, 1, 0, 0, 1, 1, 0, 1, 0, 1], [1, 0, 0, 1, 1, 1, 0, 1, 0, 0, 1, 1, 1, 1, 0, 0], [1, 1, 0, 1, 1, 1, 0, 1, 0, 0, 0, 1, 0, 1, 0, 1], [1, 0, 0, 1, 0, 1, 0, 1, 1, 0, 1, 0, 1, 1, 0, 1], [1, 0, 0, 1, 1, 0, 0, 1, 1, 0, 1, 0, 0, 1, 1, 1], [1, 0, 0, 1, 1, 1, 0, 1, 1, 0, 1, 0, 0, 0, 1, 1], [1, 0, 0, 1, 1, 1, 1, 0, 1, 0, 1, 0, 0, 1, 0, 1], [1, 0, 0, 1, 1, 0, 0, 1, 1, 0, 1, 0, 1, 1, 0, 1], [1, 0, 0, 1, 0, 1, 0, 1, 1, 0, 1, 0, 0, 1, 1, 1], [1, 0, 0, 1, 0, 1, 0, 1, 1, 0, 1, 1, 1, 1, 0, 0], [1, 0, 0, 1, 0, 1, 0, 1, 1, 0, 1, 1, 0, 1, 1, 0], [1, 1, 0, 1, 0, 0, 0, 1, 1, 0, 1, 1, 0, 1, 1, 0], [1, 1, 0, 1, 0, 0, 0, 1, 1, 0, 1, 1, 0, 1, 0, 1], [1, 1, 0, 1, 0, 1, 0, 1, 1, 0, 0, 1, 0, 1, 0, 1], [1, 1, 0, 1, 1, 0, 1, 1, 1, 0, 1, 0, 0, 0, 1, 0], [1, 1, 0, 1, 1, 0, 1, 1, 1, 0, 1, 0, 0, 0, 0, 1], [1, 0, 0, 1, 0, 0, 0, 1, 1, 0, 1, 1, 0, 1, 1, 1], [1, 0, 0, 1, 0, 0, 0, 1, 1, 0, 1, 1, 1, 1, 0, 1], [1, 0, 0, 1, 1, 0, 1, 1, 1, 0, 1, 0, 0, 0, 1, 1]], "fonction_de_voisinage": "voisinage", "objets": {"0": [394, 783, 840, 906, 823], "1": [911, 198, 798, 820, 509], "2": [768, 278, 335, 100, 429], "3": [477, 629, 554, 933, 862], "4": [513, 952, 365, 941, 208], "5": [636, 717, 916, 493, 460], "6": [607, 17, 142, 736, 15], "7": [138, 804, 243, 318, 232], "8": [401, 130, 157, 821, 610], "9": [998, 219, 109, 181, 509], "10": [839, 613, 513, 844, 734], "11": [637, 524, 296, 23, 757], "12": [972, 293, 494, 281, 717], "13": [527, 770, 771, 380, 892], "14": [891, 284, 400, 762, 720], "15": [807, 919, 353, 830, 584]}, "W": 5258, "execution_time": 0.4922612499999999, "n": 16, "p": 4}

Evaluations
[[5157, 5330, 5596, 6456], [4851, 5552, 5668, 6711], [4712, 5405, 6317, 6466], [4797, 5593, 5939, 6395], [5296, 5477, 5658, 5990], [4853, 5538, 5691, 5917], [4759, 5541, 5682, 6398], [5082, 5368, 5524, 6371], [5088, 5168, 5538, 5879], [5304, 5353, 6385, 6465], [4786, 5110, 5158, 6838], [4739, 5022, 5745, 6906], [4928, 5192, 5842, 6277], [4594, 5454, 5798, 6793], [5145, 5563, 5706, 6345], [4641, 5163, 5590, 6725], [4955, 5515, 6407, 6471], [4898, 5600, 5688, 6076], [4643, 5548, 5889, 5954], [4733, 5601, 5995, 6192], [4092, 5702, 5996, 6124], [4335, 5812, 5937, 6278], [4765, 5930, 6037, 6171], [4821, 4827, 5773, 6037], [4992, 5119, 5685, 6085], [5136, 5327, 5644, 6296], [4841, 5658, 5806, 5914], [4196, 5665, 5884, 6735], [4341, 5233, 5831, 6848], [4611, 5188, 5530, 6884], [4290, 5662, 5893, 6254], [4747, 5649, 5917, 6287], [4784, 4999, 5263, 6087], [4690, 5254, 5480, 6090], [4572, 4735, 5807, 6139], [4525, 5370, 5875, 6003], [4928, 5474, 5524, 5729], [4012, 4410, 4713, 7081], [3965, 4577, 5045, 7149], [4127, 5456, 5817, 6214], [4221, 5336, 5465, 6211], [3567, 4788, 5131, 7091]]

solution_optimale_estimee
[4955, 5515, 6407, 6471]

nb_question
5

valeur_sol_estimee
6104.98575546453

decideur
{'[]': 0, '[0]': 0.06917892936421233, '[1]': 0.10588625938145269, '[2]': 0.2786164073602222, '[3]': 0.3307096271636619, '[0, 1]': 0.3541745677193061, '[0, 2]': 0.4980409999586719, '[0, 3]': 0.6088989195670784, '[1, 2]': 0.7165811450863695, '[1, 3]': 0.35367952537406466, '[2, 3]': 0.678512274271785, '[0, 1, 2]': 0.8977436463649273, '[0, 1, 3]': 0.7214392854495065, '[0, 2, 3]': 0.8226576139222852, '[1, 2, 3]': 0.9349774833493267, '[0, 1, 2, 3]': 1}

solution_optimale
[4955, 5515, 6407, 6471]

valeur_sol_optimale
6104.98575546453

duree
33.41197490692139

gap(%)
-1.4210854715202004e-14

real_opt
6539.042332224516

real_gap
6.637922721817347

real_solution_opt
[6385, 5353, 6465, 5304]