log
{"logType": "PLS1", "non_domines_approx": [[1, 0, 0, 1, 1, 1, 0, 1, 1, 0], [1, 1, 0, 1, 1, 0, 0, 1, 1, 0], [1, 0, 0, 1, 1, 0, 0, 1, 1, 1], [1, 0, 1, 1, 0, 1, 0, 1, 1, 0]], "fonction_de_voisinage": "voisinage", "objets": {"0": [394, 783, 840, 906, 823], "1": [911, 198, 798, 820, 509], "2": [768, 278, 335, 100, 429], "3": [477, 629, 554, 933, 862], "4": [513, 952, 365, 941, 208], "5": [636, 717, 916, 493, 460], "6": [607, 17, 142, 736, 15], "7": [138, 804, 243, 318, 232], "8": [401, 130, 157, 821, 610], "9": [998, 219, 109, 181, 509]}, "W": 2921, "execution_time": 0.0031909809999999816, "n": 10, "p": 4}

Evaluations
[[3075, 3195, 4015, 4412], [2957, 3244, 3496, 4739], [2268, 3244, 3517, 4100], [3045, 3341, 3416, 3571]]

solution_optimale_estimee
[3075, 3195, 4015, 4412]

nb_question
1

valeur_sol_estimee
3678.6317878644486

decideur
{'[]': 0, '[0]': 0.3044455148164015, '[1]': 0.018317365384508455, '[2]': 0.1755910756587663, '[3]': 0.14694457292512997, '[0, 1]': 0.6604350492669762, '[0, 2]': 0.6401623928521372, '[0, 3]': 0.32814579244301156, '[1, 2]': 0.5318748819419958, '[1, 3]': 0.400037106004944, '[2, 3]': 0.564938234162818, '[0, 1, 2]': 0.86097237703314, '[0, 1, 3]': 0.9280819847996918, '[0, 2, 3]': 0.7258801307870545, '[1, 2, 3]': 0.6837120033305103, '[0, 1, 2, 3]': 1}

solution_optimale
[3075, 3195, 4015, 4412]

valeur_sol_optimale
3678.6317878644486

duree
0.03290987014770508

gap(%)
0.0

real_opt
3646.395884785128

real_gap
-0.8840483616665864

real_solution_opt
[4015, 3075, 4412, 3195]