log
{"logType": "PLS1", "non_domines_approx": [[1, 0, 0, 1, 0, 1, 0, 1, 1, 0, 1, 1], [1, 0, 0, 1, 1, 1, 0, 1, 0, 0, 1, 1], [1, 1, 0, 1, 1, 1, 0, 1, 1, 0, 0, 0], [1, 0, 0, 1, 1, 1, 0, 1, 1, 0, 0, 1], [1, 0, 0, 1, 1, 1, 0, 1, 1, 0, 1, 0], [1, 0, 0, 1, 1, 0, 1, 1, 1, 0, 1, 0], [1, 0, 0, 1, 0, 1, 1, 1, 1, 0, 1, 0], [1, 0, 1, 1, 0, 1, 0, 1, 1, 0, 1, 0], [1, 0, 0, 1, 0, 0, 1, 1, 1, 0, 1, 1], [1, 1, 0, 1, 0, 1, 0, 1, 1, 0, 0, 1], [1, 0, 0, 1, 1, 0, 0, 1, 1, 0, 1, 1], [1, 1, 0, 1, 0, 1, 1, 1, 1, 0, 0, 0], [1, 1, 0, 1, 1, 0, 1, 1, 1, 0, 0, 0], [1, 1, 0, 1, 1, 0, 0, 1, 1, 0, 0, 1], [1, 0, 0, 0, 1, 1, 1, 1, 1, 0, 1, 0]], "fonction_de_voisinage": "voisinage", "objets": {"0": [394, 783, 840, 906, 823, 623], "1": [911, 198, 798, 820, 509, 443], "2": [768, 278, 335, 100, 429, 269], "3": [477, 629, 554, 933, 862, 375], "4": [513, 952, 365, 941, 208, 43], "5": [636, 717, 916, 493, 460, 572], "6": [607, 17, 142, 736, 15, 539], "7": [138, 804, 243, 318, 232, 37], "8": [401, 130, 157, 821, 610, 782], "9": [998, 219, 109, 181, 509, 214], "10": [839, 613, 513, 844, 734, 661], "11": [637, 524, 296, 23, 757, 181]}, "W": 3659, "execution_time": 0.06465890800000007, "n": 12, "p": 5}

Evaluations
[[4200, 3519, 4338, 4478, 3231], [5022, 3727, 4458, 4076, 2492], [4213, 3873, 5232, 3704, 2875], [4539, 3371, 4435, 3952, 2613], [4628, 3588, 5256, 3929, 3093], [3928, 2814, 5499, 3484, 3060], [3693, 3365, 5051, 3736, 3589], [3954, 3558, 4415, 4150, 3319], [3500, 2745, 4581, 4033, 3198], [3785, 3804, 4314, 4253, 3013], [4435, 2968, 4786, 4226, 2702], [3278, 3650, 5027, 3511, 3371], [3513, 3099, 5475, 3259, 2842], [4020, 3253, 4762, 4001, 2484], [4016, 3176, 5059, 3082, 3257]]

solution_optimale_estimee
[5022, 3727, 4458, 4076, 2492]

nb_question
4

valeur_sol_estimee
4342.368954211831

decideur
[0.39463790903794277, 0.1266690839404726, 0.07536925839089542, 0.3455320477795782, 0.057791700851111044]

solution_optimale
[5022, 3727, 4458, 4076, 2492]

valeur_sol_optimale
4342.368954211831

duree
10.258761882781982

gap(%)
0.0

real_opt
4342.368954211832

real_gap
2.842170943040401e-14

real_solution_opt
[5022, 3727, 4458, 4076, 2492]