log
{"logType": "PLS1", "non_domines_approx": [[1, 1, 0, 1, 1, 1, 0, 1, 0, 0, 1, 1, 0, 1, 0, 1, 0, 1, 1, 0, 0], [1, 0, 0, 1, 1, 1, 0, 1, 0, 0, 1, 1, 0, 1, 0, 1, 0, 1, 1, 0, 1], [1, 1, 0, 1, 1, 1, 0, 1, 0, 0, 0, 1, 0, 1, 0, 1, 0, 1, 1, 0, 1], [1, 1, 0, 1, 1, 1, 0, 1, 0, 0, 1, 1, 1, 1, 0, 0, 0, 1, 1, 0, 0], [1, 1, 0, 1, 1, 1, 0, 1, 0, 0, 1, 0, 0, 1, 1, 1, 0, 1, 1, 0, 0], [1, 0, 0, 1, 1, 1, 0, 1, 1, 0, 1, 1, 0, 1, 0, 1, 0, 1, 0, 0, 1], [1, 0, 1, 1, 1, 1, 0, 1, 0, 0, 1, 0, 0, 1, 0, 1, 0, 1, 1, 0, 1], [1, 1, 1, 1, 1, 1, 0, 1, 0, 0, 0, 0, 0, 1, 0, 1, 0, 1, 1, 0, 1], [1, 1, 1, 1, 1, 1, 0, 1, 0, 0, 1, 0, 1, 1, 0, 0, 0, 1, 1, 0, 0]], "fonction_de_voisinage": "voisinage", "objets": {"0": [394, 783, 840], "1": [911, 198, 798], "2": [768, 278, 335], "3": [477, 629, 554], "4": [513, 952, 365], "5": [636, 717, 916], "6": [607, 17, 142], "7": [138, 804, 243], "8": [401, 130, 157], "9": [998, 219, 109], "10": [839, 613, 513], "11": [637, 524, 296], "12": [972, 293, 494], "13": [527, 770, 771], "14": [891, 284, 400], "15": [807, 919, 353], "16": [949, 526, 70], "17": [193, 663, 86], "18": [349, 65, 890], "19": [458, 64, 21], "20": [970, 902, 239]}, "W": 6717, "execution_time": 0.03330200999999988, "n": 21, "p": 2}

Evaluations
[[7637, 6625], [8341, 6066], [7926, 6351], [7011, 6766], [7397, 6729], [8406, 5333], [8095, 6105], [7680, 6390], [6765, 6805]]

solution_optimale_estimee
[7637, 6625]

nb_question
3

valeur_sol_estimee
6973.602660768911

decideur
[0.3444690323803468, 0.6555309676196532]

solution_optimale
[7637, 6625]

valeur_sol_optimale
6973.602660768911

duree
1.8696520328521729

gap(%)
0.0