log
{"logType": "PLS1", "non_domines_approx": [[1, 0, 0, 1, 0, 1], [1, 0, 0, 1, 1, 0], [0, 0, 0, 1, 1, 1], [1, 1, 0, 1, 0, 0], [1, 0, 0, 0, 1, 1], [1, 1, 0, 0, 1, 0]], "fonction_de_voisinage": "voisinage", "objets": {"0": [394, 783, 840, 906, 823], "1": [911, 198, 798, 820, 509], "2": [768, 278, 335, 100, 429], "3": [477, 629, 554, 933, 862], "4": [513, 952, 365, 941, 208], "5": [636, 717, 916, 493, 460]}, "W": 1849, "execution_time": 0.0016859570000000157, "n": 6, "p": 4}

Evaluations
[[2129, 2310, 2332, 2145], [2364, 1759, 2780, 1893], [2298, 1835, 2367, 1530], [1610, 2192, 2659, 2194], [2452, 2121, 2340, 1491], [1933, 2003, 2667, 1540]]

solution_optimale_estimee
[2129, 2310, 2332, 2145]

nb_question
4

valeur_sol_estimee
2224.4817758597187

decideur
[0.3407333886278606, 0.40406902601814676, 0.09765839991855481, 0.1575391854354379]

solution_optimale
[2129, 2310, 2332, 2145]

valeur_sol_optimale
2224.4817758597187

duree
1.3642959594726562

gap(%)
0.0