log
{"logType": "PLS1", "non_domines_approx": [[1, 0, 0, 1, 1, 1, 0, 1, 1, 0], [1, 1, 0, 1, 1, 0, 0, 1, 1, 0]], "fonction_de_voisinage": "voisinage", "objets": {"0": [394, 783, 840, 906], "1": [911, 198, 798, 820], "2": [768, 278, 335, 100], "3": [477, 629, 554, 933], "4": [513, 952, 365, 941], "5": [636, 717, 916, 493], "6": [607, 17, 142, 736], "7": [138, 804, 243, 318], "8": [401, 130, 157, 821], "9": [998, 219, 109, 181]}, "W": 2921, "execution_time": 0.007939340999999989, "n": 10, "p": 3}

Evaluations
[[4015, 3075, 4412], [3496, 2957, 4739]]

solution_optimale_estimee
[4015, 3075, 4412]

nb_question
2

valeur_sol_estimee
3767.4457361921804

decideur
[0.36955294551919116, 0.3723573256819, 0.2580897287989088]

solution_optimale
[4015, 3075, 4412]

valeur_sol_optimale
3767.4457361921804

duree
0.025271892547607422

gap(%)
0.0