log
{"logType": "PLS1", "non_domines_approx": [[1, 0, 0, 1, 1, 1, 0], [1, 0, 0, 1, 1, 0, 1]], "fonction_de_voisinage": "voisinage", "objets": {"0": [394, 783, 840, 906, 823], "1": [911, 198, 798, 820, 509], "2": [768, 278, 335, 100, 429], "3": [477, 629, 554, 933, 862], "4": [513, 952, 365, 941, 208], "5": [636, 717, 916, 493, 460], "6": [607, 17, 142, 736, 15]}, "W": 2153, "execution_time": 0.0004113749999999916, "n": 7, "p": 4}

Evaluations
[[3081, 2675, 3273, 2353], [2381, 1901, 3516, 1908]]

solution_optimale_estimee
[3081, 2675, 3273, 2353]

nb_question
2

valeur_sol_estimee
2940.067543256513

decideur
[0.3292515943551752, 0.3324794115563304, 0.2612108826573994, 0.07705811143109503]

solution_optimale
[3081, 2675, 3273, 2353]

valeur_sol_optimale
2940.067543256513

duree
0.03053593635559082

gap(%)
-1.4210854715202004e-14

real_opt
2940.0675432565135

real_gap
1.4210854715202004e-14

real_solution_opt
[3081, 2675, 3273, 2353]