log
{"logType": "PLS1", "non_domines_approx": [[1, 0, 0, 1, 1, 0, 0, 1, 1], [1, 0, 0, 1, 1, 1, 0, 1, 0], [1, 0, 0, 1, 1, 1, 0, 0, 1], [1, 0, 0, 1, 1, 0, 1, 0, 1]], "fonction_de_voisinage": "voisinage", "objets": {"0": [394, 783, 840, 906], "1": [911, 198, 798, 820], "2": [768, 278, 335, 100], "3": [477, 629, 554, 933], "4": [513, 952, 365, 941], "5": [636, 717, 916, 493], "6": [607, 17, 142, 736], "7": [138, 804, 243, 318], "8": [401, 130, 157, 821]}, "W": 2422, "execution_time": 0.007385476000000002, "n": 9, "p": 3}

Evaluations
[[3298, 2159, 3919], [3885, 2918, 3591], [3211, 2832, 4094], [2511, 2058, 4337]]

solution_optimale_estimee
[3211, 2832, 4094]

nb_question
3

valeur_sol_estimee
3462.205482117829

decideur
[0.1382996576160761, 0.403863645172088, 0.4578366972118358]

solution_optimale
[3211, 2832, 4094]

valeur_sol_optimale
3462.205482117829

duree
0.23735976219177246

gap(%)
0.0