log
{"logType": "PLS1", "non_domines_approx": [[1, 1, 0, 1, 1, 1, 0, 1, 1, 0, 1, 0, 0, 1, 0], [1, 0, 0, 1, 1, 1, 0, 1, 1, 0, 1, 1, 0, 1, 0], [1, 0, 0, 1, 1, 1, 0, 1, 1, 0, 1, 0, 0, 1, 1], [1, 0, 0, 1, 1, 0, 1, 1, 1, 0, 1, 0, 0, 1, 1], [1, 1, 0, 1, 1, 0, 1, 1, 1, 0, 1, 0, 0, 1, 0]], "fonction_de_voisinage": "voisinage", "objets": {"0": [394, 783, 840, 906], "1": [911, 198, 798, 820], "2": [768, 278, 335, 100], "3": [477, 629, 554, 933], "4": [513, 952, 365, 941], "5": [636, 717, 916, 493], "6": [607, 17, 142, 736], "7": [138, 804, 243, 318], "8": [401, 130, 157, 821], "9": [998, 219, 109, 181], "10": [839, 613, 513, 844], "11": [637, 524, 296, 23], "12": [972, 293, 494, 281], "13": [527, 770, 771, 380], "14": [891, 284, 400, 762]}, "W": 4854, "execution_time": 0.048400994000000086, "n": 15, "p": 3}

Evaluations
[[5596, 5157, 6456], [5922, 4655, 5659], [5682, 4759, 6398], [4982, 3985, 6641], [4896, 4383, 6699]]

solution_optimale_estimee
[5596, 5157, 6456]

nb_question
3

valeur_sol_estimee
5941.977629923005

decideur
[0.4008635794134199, 0.13031539013198912, 0.46882103045459106]

solution_optimale
[5596, 5157, 6456]

valeur_sol_optimale
5941.977629923005

duree
0.4543938636779785

gap(%)
0.0

real_opt
5941.977629923004

real_gap
-2.842170943040401e-14

real_solution_opt
[5596, 5157, 6456]