log
{"logType": "PLS1", "non_domines_approx": [[1, 0, 0, 1, 1, 1, 1, 1, 1, 0, 1, 0, 0, 1, 0, 1, 0], [1, 1, 0, 1, 1, 1, 0, 1, 1, 0, 1, 0, 0, 1, 0, 1, 0], [1, 0, 0, 1, 1, 1, 0, 1, 1, 0, 1, 0, 0, 1, 1, 1, 0], [1, 1, 0, 1, 1, 1, 0, 1, 1, 0, 1, 1, 0, 1, 0, 0, 0], [1, 0, 0, 1, 1, 1, 0, 1, 1, 0, 1, 1, 0, 1, 0, 1, 0], [1, 1, 0, 1, 1, 0, 1, 1, 1, 0, 1, 0, 0, 1, 0, 1, 0], [1, 0, 0, 1, 1, 0, 1, 1, 1, 0, 1, 0, 0, 1, 1, 1, 0], [1, 0, 0, 1, 1, 1, 0, 1, 1, 0, 1, 0, 1, 1, 0, 1, 0], [1, 0, 0, 1, 1, 1, 1, 1, 1, 0, 1, 0, 0, 0, 1, 1, 0], [1, 0, 0, 1, 1, 1, 0, 1, 1, 0, 1, 0, 0, 1, 0, 1, 1], [1, 1, 0, 1, 1, 1, 1, 1, 1, 0, 1, 0, 0, 0, 0, 1, 0], [1, 1, 0, 1, 1, 1, 0, 1, 1, 0, 0, 1, 0, 1, 0, 1, 0], [1, 1, 0, 1, 1, 1, 0, 1, 1, 0, 1, 0, 0, 1, 1, 0, 0], [1, 1, 0, 1, 1, 0, 0, 1, 1, 0, 1, 1, 0, 1, 0, 1, 0], [1, 0, 0, 1, 1, 1, 0, 1, 1, 0, 1, 1, 0, 1, 1, 0, 0], [1, 0, 0, 1, 1, 0, 0, 1, 1, 0, 1, 1, 0, 1, 1, 1, 0], [1, 1, 0, 1, 1, 0, 0, 1, 1, 0, 1, 1, 0, 1, 1, 0, 0], [1, 1, 1, 1, 0, 1, 0, 1, 1, 0, 1, 1, 0, 1, 0, 0, 0], [1, 0, 0, 1, 1, 1, 0, 1, 1, 0, 1, 1, 1, 1, 0, 0, 0], [1, 0, 0, 1, 1, 0, 0, 1, 1, 0, 1, 1, 1, 1, 0, 1, 0], [1, 0, 1, 1, 0, 1, 0, 1, 1, 0, 1, 1, 0, 1, 0, 1, 0], [1, 1, 0, 1, 1, 0, 1, 1, 1, 0, 1, 0, 0, 1, 1, 0, 0], [1, 1, 1, 1, 0, 1, 0, 1, 1, 0, 0, 1, 0, 1, 0, 1, 0], [1, 0, 1, 1, 0, 1, 0, 1, 1, 0, 1, 1, 0, 1, 1, 0, 0]], "fonction_de_voisinage": "voisinage", "objets": {"0": [394, 783, 840, 906, 823], "1": [911, 198, 798, 820, 509], "2": [768, 278, 335, 100, 429], "3": [477, 629, 554, 933, 862], "4": [513, 952, 365, 941, 208], "5": [636, 717, 916, 493, 460], "6": [607, 17, 142, 736, 15], "7": [138, 804, 243, 318, 232], "8": [401, 130, 157, 821, 610], "9": [998, 219, 109, 181, 509], "10": [839, 613, 513, 844, 734], "11": [637, 524, 296, 23, 757], "12": [972, 293, 494, 281, 717], "13": [527, 770, 771, 380, 892], "14": [891, 284, 400, 762, 720], "15": [807, 919, 353, 830, 584], "16": [949, 526, 70, 158, 371]}, "W": 5732, "execution_time": 0.11712901699999989, "n": 17, "p": 4}

Evaluations
[[6334, 4854, 7202, 5420], [6515, 5510, 7286, 5914], [6601, 5112, 7228, 6125], [6120, 5453, 6479, 6087], [6841, 5008, 6489, 6162], [5815, 4736, 7529, 5469], [5901, 4338, 7471, 5680], [6610, 5206, 6747, 6122], [5848, 4483, 7584, 5248], [6843, 4782, 6624, 5776], [5762, 4881, 7642, 5037], [6426, 5293, 6465, 5937], [5880, 5557, 7218, 6050], [6322, 4890, 6816, 6211], [6206, 5055, 6421, 6298], [6408, 4492, 6758, 6422], [5687, 4937, 6748, 6347], [5446, 5423, 5638, 6308], [6215, 5149, 5940, 6295], [6417, 4586, 6277, 6419], [6167, 4978, 5648, 6383], [5180, 4783, 7461, 5605], [5752, 5263, 5624, 6158], [5532, 5025, 5580, 6519]]

solution_optimale_estimee
[6515, 5510, 7286, 5914]

nb_question
5

valeur_sol_estimee
6435.802947724287

decideur
[0.3058931958259703, 0.2190376667252982, 0.3108253311879734, 0.16424380626075805]

solution_optimale
[6515, 5510, 7286, 5914]

valeur_sol_optimale
6435.802947724287

duree
34.76650333404541

gap(%)
0.0