log
{"logType": "PLS1", "non_domines_approx": [[1, 0, 0, 1, 0, 1, 1, 1, 1, 0], [1, 0, 0, 1, 1, 0, 1, 1, 1, 0], [1, 0, 0, 1, 1, 1, 0, 1, 1, 0], [1, 0, 0, 0, 1, 1, 1, 1, 1, 0], [1, 0, 1, 1, 0, 1, 0, 1, 1, 0], [1, 1, 0, 1, 1, 0, 0, 1, 1, 0], [1, 0, 0, 1, 1, 0, 0, 1, 1, 1]], "fonction_de_voisinage": "voisinage", "objets": {"0": [394, 783, 840, 906, 823, 623], "1": [911, 198, 798, 820, 509, 443], "2": [768, 278, 335, 100, 429, 269], "3": [477, 629, 554, 933, 862, 375], "4": [513, 952, 365, 941, 208, 43], "5": [636, 717, 916, 493, 460, 572], "6": [607, 17, 142, 736, 15, 539], "7": [138, 804, 243, 318, 232, 37], "8": [401, 130, 157, 821, 610, 782], "9": [998, 219, 109, 181, 509, 214]}, "W": 2921, "execution_time": 0.005050571000000004, "n": 10, "p": 5}

Evaluations
[[3080, 2852, 4207, 3002, 2928], [3315, 2301, 4655, 2750, 2399], [4015, 3075, 4412, 3195, 2432], [3403, 2663, 4215, 2348, 2596], [3341, 3045, 3571, 3416, 2658], [3496, 2957, 4739, 3244, 2303], [3517, 2268, 4100, 3244, 2074]]

solution_optimale_estimee
[3496, 2957, 4739, 3244, 2303]

nb_question
3

valeur_sol_estimee
3701.137304243417

decideur
[0.15042874347959778, 0.009923069998168053, 0.3009090939977167, 0.5092152736610173, 0.029523818863500164]

solution_optimale
[3496, 2957, 4739, 3244, 2303]

valeur_sol_optimale
3701.137304243417

duree
1.1980209350585938

gap(%)
0.0