log
{"logType": "PLS1", "non_domines_approx": [[1, 0, 0, 1, 1, 1, 0, 1, 0, 0, 1, 1, 0, 1, 0, 1], [1, 1, 0, 1, 1, 1, 0, 1, 0, 0, 1, 0, 0, 1, 0, 1], [1, 0, 0, 1, 1, 1, 0, 1, 0, 0, 1, 0, 0, 1, 1, 1]], "fonction_de_voisinage": "voisinage", "objets": {"0": [394, 783, 840], "1": [911, 198, 798], "2": [768, 278, 335], "3": [477, 629, 554], "4": [513, 952, 365], "5": [636, 717, 916], "6": [607, 17, 142], "7": [138, 804, 243], "8": [401, 130, 157], "9": [998, 219, 109], "10": [839, 613, 513], "11": [637, 524, 296], "12": [972, 293, 494], "13": [527, 770, 771], "14": [891, 284, 400], "15": [807, 919, 353]}, "W": 5258, "execution_time": 0.004103951000000272, "n": 16, "p": 2}

Evaluations
[[6711, 4851], [6385, 5353], [6471, 4955]]

solution_optimale_estimee
[6385, 5353]

nb_question
2

valeur_sol_estimee
5881.723776390023

decideur
[0.5123292406880062, 0.4876707593119939]

solution_optimale
[6385, 5353]

valeur_sol_optimale
5881.723776390023

duree
0.05461692810058594

gap(%)
0.0

real_opt
5881.723776390023

real_gap
0.0

real_solution_opt
[6385, 5353]