log
{"logType": "PLS1", "non_domines_approx": [[1, 1, 0, 1, 1, 1, 0, 1, 0, 0, 0], [1, 0, 0, 1, 1, 1, 1, 1, 1, 0, 0], [1, 0, 0, 1, 1, 1, 0, 1, 0, 0, 1], [1, 1, 0, 1, 1, 1, 0, 0, 1, 0, 0], [1, 0, 1, 1, 1, 1, 0, 1, 1, 0, 0], [1, 1, 0, 1, 1, 0, 0, 1, 0, 0, 1], [1, 0, 0, 1, 1, 1, 0, 0, 1, 0, 1], [1, 1, 0, 1, 1, 0, 1, 0, 1, 0, 0], [1, 0, 0, 1, 1, 0, 1, 0, 1, 0, 1]], "fonction_de_voisinage": "voisinage", "objets": {"0": [394, 783, 840, 906], "1": [911, 198, 798, 820], "2": [768, 278, 335, 100], "3": [477, 629, 554, 933], "4": [513, 952, 365, 941], "5": [636, 717, 916, 493], "6": [607, 17, 142, 736], "7": [138, 804, 243, 318], "8": [401, 130, 157, 821], "9": [998, 219, 109, 181], "10": [839, 613, 513, 844]}, "W": 3341, "execution_time": 0.006297543000000072, "n": 11, "p": 3}

Evaluations
[[4083, 3716, 4411], [4032, 3217, 5148], [4498, 3431, 4435], [3409, 3630, 4914], [4293, 3410, 4512], [3979, 3313, 4762], [3824, 3345, 4938], [2709, 2856, 5157], [3124, 2571, 5181]]

solution_optimale_estimee
[4498, 3431, 4435]

nb_question
3

valeur_sol_estimee
4357.936957510168

decideur
[0.6409177538642201, 0.11697296910685016, 0.24210927702892976]

solution_optimale
[4498, 3431, 4435]

valeur_sol_optimale
4357.936957510168

duree
2.5180768966674805

gap(%)
0.0