log
{"logType": "PLS1", "non_domines_approx": [[1, 0, 0, 1, 1, 1, 0, 1, 1, 0, 1, 1, 0, 1, 0, 1, 0, 1, 1, 0, 0, 1, 1], [1, 0, 0, 1, 1, 1, 0, 1, 1, 0, 1, 0, 0, 1, 1, 1, 0, 1, 1, 0, 0, 1, 1], [1, 1, 0, 1, 1, 1, 0, 1, 1, 0, 1, 0, 0, 1, 0, 1, 0, 1, 1, 0, 0, 1, 1], [1, 1, 0, 1, 1, 1, 1, 1, 1, 0, 1, 0, 0, 1, 0, 1, 0, 1, 1, 0, 0, 1, 0], [1, 0, 0, 1, 1, 1, 1, 1, 1, 0, 1, 0, 0, 1, 0, 1, 0, 1, 1, 0, 0, 1, 1], [1, 0, 0, 1, 1, 1, 0, 1, 1, 0, 1, 1, 0, 1, 0, 1, 0, 1, 1, 0, 1, 1, 0], [1, 0, 0, 1, 1, 1, 0, 1, 1, 0, 1, 0, 0, 1, 0, 1, 0, 1, 0, 0, 1, 1, 1], [1, 0, 0, 1, 1, 1, 0, 1, 0, 0, 1, 1, 0, 1, 0, 1, 0, 1, 0, 0, 1, 1, 1], [1, 0, 0, 1, 1, 1, 0, 1, 0, 0, 1, 0, 0, 1, 0, 1, 0, 1, 1, 0, 1, 1, 1], [1, 0, 0, 1, 1, 1, 1, 1, 1, 0, 1, 1, 0, 1, 0, 1, 0, 1, 0, 0, 0, 1, 1], [1, 0, 0, 1, 1, 1, 0, 1, 1, 0, 1, 1, 0, 1, 1, 1, 0, 1, 1, 0, 0, 1, 0], [1, 0, 0, 1, 1, 1, 0, 1, 1, 0, 1, 1, 1, 1, 0, 1, 0, 1, 1, 0, 0, 1, 0], [1, 0, 0, 1, 1, 1, 0, 1, 1, 0, 1, 1, 0, 1, 0, 1, 1, 1, 1, 0, 0, 1, 0], [1, 1, 0, 1, 1, 1, 0, 1, 1, 0, 1, 1, 0, 1, 0, 1, 0, 1, 1, 0, 0, 1, 0], [1, 0, 0, 1, 1, 1, 1, 1, 1, 0, 1, 0, 0, 1, 1, 1, 0, 1, 1, 0, 0, 1, 0], [1, 1, 0, 1, 1, 0, 1, 1, 1, 0, 1, 0, 0, 1, 0, 1, 0, 1, 1, 0, 0, 1, 1], [1, 1, 0, 1, 1, 1, 1, 1, 1, 0, 1, 0, 0, 1, 1, 0, 0, 1, 1, 0, 0, 1, 0], [1, 0, 0, 1, 1, 1, 1, 1, 1, 0, 1, 0, 0, 1, 0, 1, 0, 1, 1, 0, 1, 1, 0], [1, 1, 0, 1, 1, 1, 0, 1, 1, 0, 0, 1, 0, 1, 0, 1, 0, 1, 1, 0, 1, 1, 0], [1, 1, 0, 1, 1, 1, 0, 1, 1, 0, 1, 0, 0, 1, 0, 1, 0, 1, 0, 0, 1, 1, 0], [1, 0, 0, 1, 1, 1, 0, 1, 1, 0, 1, 0, 0, 1, 1, 1, 0, 1, 0, 0, 1, 1, 0], [1, 0, 0, 1, 1, 1, 0, 1, 0, 0, 1, 1, 0, 1, 1, 1, 0, 1, 0, 0, 0, 1, 1], [1, 1, 0, 1, 1, 1, 0, 1, 0, 0, 1, 1, 0, 1, 0, 1, 0, 1, 0, 0, 0, 1, 1], [1, 0, 0, 1, 1, 1, 0, 1, 0, 0, 1, 0, 1, 1, 0, 1, 0, 1, 1, 0, 1, 1, 0], [1, 1, 0, 1, 1, 1, 0, 1, 0, 0, 1, 0, 0, 1, 0, 1, 0, 1, 1, 0, 1, 1, 0]], "fonction_de_voisinage": "voisinage", "objets": {"0": [394, 783, 840, 906], "1": [911, 198, 798, 820], "2": [768, 278, 335, 100], "3": [477, 629, 554, 933], "4": [513, 952, 365, 941], "5": [636, 717, 916, 493], "6": [607, 17, 142, 736], "7": [138, 804, 243, 318], "8": [401, 130, 157, 821], "9": [998, 219, 109, 181], "10": [839, 613, 513, 844], "11": [637, 524, 296, 23], "12": [972, 293, 494, 281], "13": [527, 770, 771, 380], "14": [891, 284, 400, 762], "15": [807, 919, 353, 830], "16": [949, 526, 70, 158], "17": [193, 663, 86, 261], "18": [349, 65, 890, 365], "19": [458, 64, 21, 53], "20": [970, 902, 239, 84], "21": [267, 540, 851, 443], "22": [760, 513, 375, 512]}, "W": 7231, "execution_time": 0.20661307900000736, "n": 23, "p": 3}

Evaluations
[[8622, 7210, 8070], [8382, 7314, 8809], [8296, 7712, 8867], [7800, 7479, 9091], [8115, 7056, 8783], [9011, 7074, 7642], [8935, 6263, 7766], [9329, 6402, 6968], [8870, 6996, 7310], [8574, 6462, 8441], [8393, 7235, 8320], [8402, 7329, 7839], [8635, 6905, 7716], [8307, 7633, 8378], [7886, 7081, 9033], [7596, 6938, 9110], [7165, 7526, 9023], [8504, 6920, 8355], [8596, 7359, 7618], [8620, 6686, 8074], [8706, 6288, 8016], [8711, 6563, 7646], [8625, 6961, 7704], [8650, 7115, 7079], [8555, 7419, 7618]]

solution_optimale_estimee
[8296, 7712, 8867]

nb_question
2

valeur_sol_estimee
7906.237726894

decideur
[0.22241284459043373, 0.7218740596059414, 0.0557130958036249]

solution_optimale
[8296, 7712, 8867]

valeur_sol_optimale
7906.237726894

duree
13.94815993309021

gap(%)
0.0

real_opt
7906.237726894002

real_gap
1.4210854715202004e-14

real_solution_opt
[8296, 7712, 8867]