log
{"logType": "PLS1", "non_domines_approx": [[1, 0, 0, 1, 1, 1, 0, 1, 0, 0, 1, 1, 0, 1], [1, 1, 0, 1, 1, 1, 0, 1, 0, 0, 0, 1, 0, 1], [1, 0, 1, 1, 1, 1, 0, 1, 0, 0, 1, 0, 0, 1], [1, 1, 1, 1, 1, 1, 0, 1, 0, 0, 0, 0, 0, 1]], "fonction_de_voisinage": "voisinage", "objets": {"0": [394, 783, 840], "1": [911, 198, 798], "2": [768, 278, 335], "3": [477, 629, 554], "4": [513, 952, 365], "5": [636, 717, 916], "6": [607, 17, 142], "7": [138, 804, 243], "8": [401, 130, 157], "9": [998, 219, 109], "10": [839, 613, 513], "11": [637, 524, 296], "12": [972, 293, 494], "13": [527, 770, 771]}, "W": 4409, "execution_time": 0.0043443800000000365, "n": 14, "p": 2}

Evaluations
[[5792, 4498], [5377, 4783], [5546, 4537], [5131, 4822]]

solution_optimale_estimee
[5792, 4498]

nb_question
2

valeur_sol_estimee
5057.355641926541

decideur
[0.43226865682112886, 0.5677313431788712]

solution_optimale
[5792, 4498]

valeur_sol_optimale
5057.355641926541

duree
0.14947009086608887

gap(%)
0.0