log
{"logType": "PLS1", "non_domines_approx": [[1, 1, 0, 1, 1, 1, 0, 1, 0, 0, 1, 0, 0], [1, 1, 0, 1, 1, 1, 1, 1, 1, 0, 0, 0, 0], [1, 1, 0, 1, 1, 1, 0, 1, 1, 0, 0, 1, 0], [1, 0, 0, 1, 1, 1, 1, 1, 1, 0, 1, 0, 0], [1, 0, 0, 1, 1, 1, 0, 1, 1, 0, 1, 1, 0], [1, 0, 0, 1, 1, 1, 0, 1, 0, 0, 1, 0, 1]], "fonction_de_voisinage": "voisinage", "objets": {"0": [394, 783, 840, 906], "1": [911, 198, 798, 820], "2": [768, 278, 335, 100], "3": [477, 629, 554, 933], "4": [513, 952, 365, 941], "5": [636, 717, 916, 493], "6": [607, 17, 142, 736], "7": [138, 804, 243, 318], "8": [401, 130, 157, 821], "9": [998, 219, 109, 181], "10": [839, 613, 513, 844], "11": [637, 524, 296, 23], "12": [972, 293, 494, 281]}, "W": 4145, "execution_time": 0.005982275000000037, "n": 13, "p": 3}

Evaluations
[[4696, 4229, 5255], [4230, 4015, 5968], [4737, 4169, 5255], [4645, 3730, 5992], [5152, 3884, 5279], [4791, 3925, 4716]]

solution_optimale_estimee
[4645, 3730, 5992]

nb_question
3

valeur_sol_estimee
4969.906038955671

decideur
[0.2606636389697197, 0.29663131713179336, 0.4427050438984868]

solution_optimale
[4645, 3730, 5992]

valeur_sol_optimale
4969.906038955671

duree
0.8637349605560303

gap(%)
0.0