log
{"logType": "PLS1", "non_domines_approx": [[1, 1, 0, 1, 0, 1, 0, 1, 0, 0], [1, 0, 0, 1, 1, 1, 0, 1, 1, 0], [1, 1, 0, 0, 1, 1, 0, 1, 0, 0]], "fonction_de_voisinage": "voisinage", "objets": {"0": [394, 783, 840], "1": [911, 198, 798], "2": [768, 278, 335], "3": [477, 629, 554], "4": [513, 952, 365], "5": [636, 717, 916], "6": [607, 17, 142], "7": [138, 804, 243], "8": [401, 130, 157], "9": [998, 219, 109]}, "W": 2921, "execution_time": 0.002817877000000024, "n": 10, "p": 2}

Evaluations
[[3131, 3351], [4015, 3075], [3454, 3162]]

solution_optimale_estimee
[4015, 3075]

nb_question
2

valeur_sol_estimee
3743.3414481790232

decideur
[0.711001540615983, 0.2889984593840169]

solution_optimale
[4015, 3075]

valeur_sol_optimale
3743.3414481790232

duree
0.06240582466125488

gap(%)
0.0

real_opt
3743.341448179024

real_gap
2.842170943040401e-14

real_solution_opt
[4015, 3075]