log
{"logType": "PLS1", "non_domines_approx": [[1, 1, 0, 1, 0, 1, 0, 1, 1, 0, 1, 0, 0], [1, 0, 0, 1, 1, 1, 1, 1, 1, 0, 1, 0, 0], [1, 0, 0, 1, 1, 1, 0, 1, 1, 0, 1, 1, 0], [1, 1, 0, 1, 1, 1, 0, 1, 0, 0, 1, 0, 0], [1, 0, 0, 1, 0, 1, 0, 1, 1, 0, 1, 0, 1], [1, 1, 0, 1, 1, 1, 0, 1, 1, 0, 0, 1, 0], [1, 1, 0, 1, 1, 1, 1, 1, 1, 0, 0, 0, 0], [1, 1, 0, 1, 1, 0, 0, 1, 1, 0, 1, 0, 0], [1, 0, 0, 1, 1, 0, 1, 1, 1, 0, 1, 1, 0], [1, 0, 0, 1, 0, 1, 1, 1, 1, 0, 1, 1, 0], [1, 0, 0, 1, 1, 1, 0, 1, 0, 0, 1, 0, 1], [1, 0, 0, 1, 0, 0, 0, 1, 1, 0, 1, 1, 1], [1, 0, 0, 0, 0, 1, 1, 1, 1, 0, 1, 0, 1], [1, 1, 0, 1, 1, 0, 1, 1, 1, 0, 0, 1, 0], [1, 1, 0, 1, 1, 0, 1, 0, 1, 0, 1, 0, 0]], "fonction_de_voisinage": "voisinage", "objets": {"0": [394, 783, 840, 906, 823, 623], "1": [911, 198, 798, 820, 509, 443], "2": [768, 278, 335, 100, 429, 269], "3": [477, 629, 554, 933, 862, 375], "4": [513, 952, 365, 941, 208, 43], "5": [636, 717, 916, 493, 460, 572], "6": [607, 17, 142, 736, 15, 539], "7": [138, 804, 243, 318, 232, 37], "8": [401, 130, 157, 821, 610, 782], "9": [998, 219, 109, 181, 509, 214], "10": [839, 613, 513, 844, 734, 661], "11": [637, 524, 296, 23, 757, 181], "12": [972, 293, 494, 281, 717, 609]}, "W": 4145, "execution_time": 0.044475941999999824, "n": 13, "p": 5}

Evaluations
[[3874, 4021, 5135, 4230, 3493], [4645, 3730, 5992, 3944, 3632], [5152, 3884, 5279, 4686, 3274], [4696, 4229, 5255, 3828, 2754], [3969, 3717, 4596, 4438, 3659], [4737, 4169, 5255, 4461, 3056], [4230, 4015, 5968, 3719, 3414], [4109, 3470, 5583, 3978, 2964], [4452, 3110, 5522, 4241, 3241], [4217, 3661, 5074, 4493, 3770], [4791, 3925, 4716, 4036, 2920], [3776, 3097, 4126, 4735, 3268], [3357, 3305, 4399, 3591, 3823], [4037, 3395, 5498, 4016, 3023], [3322, 3369, 6001, 3761, 3466]]

solution_optimale_estimee
[4645, 3730, 5992, 3944, 3632]

nb_question
6

valeur_sol_estimee
4341.8750092799055

decideur
[0.14973669837020834, 0.23611657731203237, 0.21683170508504654, 0.07477399119742187, 0.32254102803529094]

solution_optimale
[4645, 3730, 5992, 3944, 3632]

valeur_sol_optimale
4341.8750092799055

duree
18.2070472240448

gap(%)
0.0