log
{"logType": "PLS1", "non_domines_approx": [[1, 0, 0, 1, 1, 0, 0, 1, 1, 0, 1], [1, 0, 0, 1, 1, 1, 1, 1, 1, 0, 0], [1, 0, 0, 1, 0, 1, 0, 1, 1, 0, 1], [1, 0, 1, 1, 1, 1, 0, 1, 1, 0, 0], [1, 0, 0, 1, 1, 1, 0, 1, 0, 0, 1], [1, 0, 0, 1, 1, 1, 0, 0, 1, 0, 1], [1, 0, 0, 1, 0, 0, 0, 1, 1, 1, 1], [1, 0, 0, 1, 1, 0, 1, 0, 1, 0, 1], [1, 1, 0, 1, 1, 0, 0, 1, 0, 0, 1], [1, 1, 0, 1, 0, 0, 0, 1, 1, 0, 1], [1, 1, 0, 0, 0, 1, 0, 1, 1, 0, 1], [1, 1, 0, 1, 0, 1, 0, 1, 1, 0, 0], [1, 0, 0, 0, 0, 1, 1, 1, 1, 0, 1], [1, 1, 0, 1, 1, 1, 0, 1, 0, 0, 0], [1, 1, 0, 1, 1, 1, 0, 0, 1, 0, 0], [1, 1, 0, 1, 1, 0, 1, 0, 1, 0, 0], [1, 1, 0, 0, 0, 0, 1, 1, 1, 0, 1], [1, 1, 1, 1, 0, 1, 0, 1, 0, 0, 0]], "fonction_de_voisinage": "voisinage", "objets": {"0": [394, 783, 840, 906, 823, 623], "1": [911, 198, 798, 820, 509, 443], "2": [768, 278, 335, 100, 429, 269], "3": [477, 629, 554, 933, 862, 375], "4": [513, 952, 365, 941, 208, 43], "5": [636, 717, 916, 493, 460, 572], "6": [607, 17, 142, 736, 15, 539], "7": [138, 804, 243, 318, 232, 37], "8": [401, 130, 157, 821, 610, 782], "9": [998, 219, 109, 181, 509, 214], "10": [839, 613, 513, 844, 734, 661]}, "W": 3341, "execution_time": 0.034441029999999984, "n": 11, "p": 5}

Evaluations
[[3911, 2672, 4763, 3469, 2521], [4032, 3217, 5148, 3210, 2971], [3676, 3223, 4315, 3721, 3050], [4293, 3410, 4512, 3624, 2701], [4498, 3431, 4435, 3319, 2311], [3824, 3345, 4938, 3697, 3056], [3178, 2416, 4003, 3770, 2692], [3124, 2571, 5181, 3252, 3023], [3979, 3313, 4762, 3368, 2182], [3157, 3105, 4642, 3770, 2921], [3245, 3467, 4202, 3368, 3118], [3261, 3508, 4291, 3496, 2832], [3064, 2811, 4118, 2874, 3214], [4083, 3716, 4411, 3094, 2093], [3409, 3630, 4914, 3472, 2838], [2709, 2856, 5157, 3027, 2805], [2545, 2693, 4445, 2923, 3085], [3409, 3686, 3570, 3315, 2319]]

solution_optimale_estimee
[3824, 3345, 4938, 3697, 3056]

nb_question
8

valeur_sol_estimee
3759.0084409116503

decideur
[0.19552396999434377, 0.17915762030701016, 0.16550257540672114, 0.2957778982399677, 0.1640379360519573]

solution_optimale
[3824, 3345, 4938, 3697, 3056]

valeur_sol_optimale
3759.0084409116503

duree
38.255528926849365

gap(%)
-1.4210854715202004e-14

real_opt
3759.008440911651

real_gap
1.4210854715202004e-14

real_solution_opt
[3824, 3345, 4938, 3697, 3056]