log
{"logType": "PLS1", "non_domines_approx": [[1, 0, 0, 1, 0, 1, 0, 1, 1], [1, 0, 0, 1, 1, 0, 0, 1, 1], [1, 0, 0, 1, 1, 1, 0, 1, 0], [1, 1, 0, 1, 0, 0, 0, 1, 1], [1, 0, 1, 1, 0, 1, 0, 1, 0], [0, 0, 0, 1, 1, 1, 0, 1, 1], [1, 0, 0, 1, 1, 1, 0, 0, 1], [1, 0, 0, 0, 1, 1, 0, 1, 1], [1, 0, 0, 0, 0, 1, 1, 1, 1], [1, 0, 0, 1, 1, 0, 1, 0, 1]], "fonction_de_voisinage": "voisinage", "objets": {"0": [394, 783, 840, 906, 823, 623], "1": [911, 198, 798, 820, 509, 443], "2": [768, 278, 335, 100, 429, 269], "3": [477, 629, 554, 933, 862, 375], "4": [513, 952, 365, 941, 208, 43], "5": [636, 717, 916, 493, 460, 572], "6": [607, 17, 142, 736, 15, 539], "7": [138, 804, 243, 318, 232, 37], "8": [401, 130, 157, 821, 610, 782]}, "W": 2422, "execution_time": 0.029541646000000032, "n": 9, "p": 5}

Evaluations
[[3063, 2710, 3471, 2987, 2389], [3298, 2159, 3919, 2735, 1860], [3885, 2918, 3591, 2585, 1650], [2544, 2592, 3798, 3036, 2260], [3211, 2888, 2750, 2806, 1876], [3232, 2235, 3506, 2372, 1809], [3211, 2832, 4094, 2963, 2395], [3386, 2521, 3479, 2333, 2057], [2451, 2298, 3274, 2140, 2553], [2511, 2058, 4337, 2518, 2362]]

solution_optimale_estimee
[3211, 2832, 4094, 2963, 2395]

nb_question
5

valeur_sol_estimee
3331.5729221651777

decideur
[0.24203467033623616, 0.07132751739851109, 0.3197870363354229, 0.28976114671439446, 0.07708962921543548]

solution_optimale
[3211, 2832, 4094, 2963, 2395]

valeur_sol_optimale
3331.5729221651777

duree
5.109987735748291

gap(%)
0.0

real_opt
3331.5729221651777

real_gap
0.0

real_solution_opt
[3211, 2832, 4094, 2963, 2395]