log
{"logType": "PLS1", "non_domines_approx": [[1, 0, 0, 1, 0, 1], [1, 0, 0, 1, 1, 0], [0, 0, 0, 1, 1, 1], [1, 1, 0, 1, 0, 0], [1, 0, 0, 0, 1, 1], [1, 1, 0, 0, 1, 0]], "fonction_de_voisinage": "voisinage", "objets": {"0": [394, 783, 840, 906], "1": [911, 198, 798, 820], "2": [768, 278, 335, 100], "3": [477, 629, 554, 933], "4": [513, 952, 365, 941], "5": [636, 717, 916, 493]}, "W": 1849, "execution_time": 0.0018955779999999811, "n": 6, "p": 3}

Evaluations
[[2129, 2310, 2332], [2364, 1759, 2780], [2298, 1835, 2367], [1610, 2192, 2659], [2452, 2121, 2340], [1933, 2003, 2667]]

solution_optimale_estimee
[2364, 1759, 2780]

nb_question
4

valeur_sol_estimee
2430.4175487218167

decideur
[0.28179865314698616, 0.22757513376007532, 0.4906262130929385]

solution_optimale
[2364, 1759, 2780]

valeur_sol_optimale
2430.4175487218167

duree
1.0502851009368896

gap(%)
0.0

real_opt
2430.417548721817

real_gap
1.4210854715202004e-14

real_solution_opt
[2364, 1759, 2780]