log
{"logType": "PLS1", "non_domines_approx": [[1, 0, 0, 1, 1, 1, 0, 1, 0, 0, 1, 1, 0, 1], [1, 0, 0, 1, 1, 1, 0, 1, 1, 0, 1, 0, 0, 1], [1, 0, 0, 1, 1, 1, 1, 1, 1, 0, 0, 1, 0, 1], [1, 1, 0, 1, 1, 1, 0, 1, 1, 0, 0, 0, 0, 1], [1, 0, 0, 1, 1, 0, 0, 1, 1, 0, 1, 1, 0, 1], [1, 0, 0, 1, 0, 1, 0, 1, 1, 0, 1, 1, 0, 1], [1, 0, 1, 1, 1, 1, 0, 1, 0, 0, 1, 0, 0, 1], [1, 1, 0, 1, 1, 1, 0, 1, 0, 0, 0, 1, 0, 1], [1, 1, 0, 1, 0, 1, 0, 1, 1, 0, 1, 0, 0, 1], [1, 0, 0, 1, 0, 1, 0, 1, 1, 0, 1, 0, 1, 1], [1, 1, 0, 1, 1, 0, 0, 1, 1, 0, 1, 0, 0, 1], [1, 0, 0, 1, 1, 0, 0, 1, 1, 0, 1, 0, 1, 1], [1, 0, 0, 1, 1, 1, 1, 0, 1, 0, 1, 0, 0, 1], [1, 1, 0, 1, 1, 1, 0, 1, 1, 0, 1, 0, 0, 0], [1, 1, 0, 1, 1, 0, 0, 1, 1, 0, 0, 1, 0, 1], [1, 1, 1, 1, 1, 1, 0, 1, 0, 0, 0, 0, 0, 1], [1, 1, 0, 1, 0, 1, 0, 1, 1, 0, 0, 1, 0, 1], [1, 0, 0, 1, 0, 0, 0, 1, 1, 0, 1, 1, 1, 1], [1, 1, 0, 1, 0, 0, 0, 1, 1, 0, 1, 1, 0, 1], [1, 0, 0, 1, 1, 0, 1, 0, 1, 0, 1, 1, 0, 1], [1, 1, 0, 1, 1, 0, 1, 1, 1, 0, 1, 0, 0, 0]], "fonction_de_voisinage": "voisinage", "objets": {"0": [394, 783, 840, 906, 823], "1": [911, 198, 798, 820, 509], "2": [768, 278, 335, 100, 429], "3": [477, 629, 554, 933, 862], "4": [513, 952, 365, 941, 208], "5": [636, 717, 916, 493, 460], "6": [607, 17, 142, 736, 15], "7": [138, 804, 243, 318, 232], "8": [401, 130, 157, 821, 610], "9": [998, 219, 109, 181, 509], "10": [839, 613, 513, 844, 734], "11": [637, 524, 296, 23, 757], "12": [972, 293, 494, 281, 717], "13": [527, 770, 771, 380, 892]}, "W": 4409, "execution_time": 0.07189972499999997, "n": 14, "p": 4}

Evaluations
[[5792, 4498, 4838, 4968], [5398, 4359, 5636, 4821], [5326, 4284, 5551, 4859], [4983, 4644, 5612, 4596], [5205, 3739, 5166, 5118], [4970, 4290, 4718, 5370], [5546, 4537, 4915, 4640], [5377, 4783, 4814, 4743], [4644, 4792, 5515, 5122], [4739, 4488, 4976, 5330], [4879, 4241, 5963, 4870], [4974, 3937, 5424, 5078], [4611, 4258, 6054, 4604], [4826, 4386, 6076, 4438], [4790, 4024, 5142, 4893], [5131, 4822, 4891, 4415], [4555, 4575, 4694, 5145], [4546, 3868, 4506, 5627], [4451, 4172, 5045, 5419], [4418, 3638, 5584, 4901], [4126, 3612, 6319, 3993]]

solution_optimale_estimee
[5398, 4359, 5636, 4821]

nb_question
3

valeur_sol_estimee
5282.8562080656975

decideur
[0.31233021166995484, 0.17419276534494232, 0.4443174644435544, 0.06915955854154841]

solution_optimale
[5398, 4359, 5636, 4821]

valeur_sol_optimale
5282.8562080656975

duree
16.98957896232605

gap(%)
1.4210854715202004e-14