log
{"logType": "PLS1", "non_domines_approx": [[1, 0, 0, 1, 1, 1, 0, 1, 1, 0, 1, 0, 0, 1, 1], [1, 0, 0, 1, 1, 1, 1, 1, 1, 0, 1, 0, 0, 1, 0], [1, 0, 0, 1, 1, 1, 0, 1, 1, 0, 1, 1, 0, 1, 0], [1, 1, 0, 1, 1, 1, 0, 1, 1, 0, 1, 0, 0, 1, 0], [1, 0, 0, 1, 0, 1, 1, 1, 1, 0, 1, 0, 0, 0, 1], [1, 0, 0, 1, 1, 0, 1, 1, 1, 0, 1, 0, 0, 1, 1], [1, 0, 0, 1, 1, 1, 0, 1, 1, 0, 0, 1, 0, 1, 1], [1, 0, 0, 1, 1, 0, 0, 1, 1, 0, 1, 1, 0, 1, 1], [1, 1, 0, 1, 1, 0, 1, 1, 1, 0, 1, 0, 0, 1, 0], [1, 1, 0, 1, 1, 0, 0, 1, 1, 0, 1, 1, 0, 1, 0], [1, 1, 0, 1, 1, 1, 0, 1, 1, 0, 0, 1, 0, 1, 0], [1, 0, 1, 1, 0, 1, 0, 1, 1, 0, 1, 1, 0, 1, 0], [1, 1, 0, 1, 0, 1, 0, 1, 1, 0, 1, 0, 0, 0, 1], [1, 0, 0, 1, 0, 1, 0, 1, 1, 0, 1, 1, 0, 0, 1], [1, 0, 0, 1, 1, 1, 1, 1, 1, 0, 0, 1, 0, 0, 1], [1, 0, 0, 1, 0, 0, 1, 1, 1, 0, 1, 0, 1, 0, 1], [1, 0, 0, 1, 0, 1, 0, 1, 1, 0, 1, 0, 1, 0, 1], [1, 1, 0, 0, 0, 1, 1, 1, 1, 0, 1, 0, 0, 0, 1], [1, 0, 0, 0, 1, 1, 1, 1, 1, 0, 1, 0, 0, 0, 1], [1, 0, 1, 1, 0, 1, 1, 1, 1, 0, 0, 0, 0, 1, 1], [1, 1, 0, 1, 0, 0, 1, 1, 1, 0, 1, 0, 0, 0, 1], [1, 0, 0, 1, 0, 1, 1, 0, 1, 0, 1, 0, 0, 1, 1], [1, 0, 0, 1, 1, 1, 1, 0, 1, 0, 1, 0, 0, 0, 1], [1, 0, 0, 1, 0, 1, 1, 1, 1, 0, 0, 1, 0, 1, 1], [1, 1, 0, 1, 0, 1, 0, 1, 0, 0, 1, 0, 0, 1, 1], [1, 1, 0, 0, 0, 1, 0, 1, 1, 0, 1, 0, 0, 1, 1], [1, 1, 0, 0, 1, 1, 0, 1, 1, 0, 1, 0, 0, 0, 1], [1, 1, 0, 1, 0, 1, 0, 1, 1, 0, 1, 0, 1, 0, 0], [1, 0, 0, 1, 0, 1, 0, 0, 1, 0, 1, 1, 0, 1, 1], [1, 0, 0, 1, 0, 0, 0, 1, 1, 0, 1, 1, 1, 0, 1], [1, 0, 0, 1, 1, 1, 0, 0, 1, 0, 1, 1, 0, 0, 1], [1, 0, 1, 1, 1, 1, 1, 1, 1, 0, 0, 0, 0, 0, 1], [1, 0, 0, 1, 0, 0, 0, 1, 1, 0, 1, 0, 1, 1, 1], [1, 0, 0, 0, 1, 1, 0, 1, 1, 0, 1, 0, 1, 0, 1], [1, 0, 0, 0, 0, 1, 0, 1, 1, 0, 1, 0, 1, 1, 1], [1, 0, 0, 0, 1, 1, 1, 0, 1, 0, 1, 0, 0, 1, 1], [1, 0, 0, 1, 0, 1, 1, 0, 1, 0, 1, 0, 1, 1, 0], [1, 1, 0, 1, 0, 1, 1, 0, 1, 0, 0, 0, 0, 1, 1], [1, 0, 0, 1, 0, 0, 1, 0, 1, 0, 1, 1, 0, 1, 1], [1, 1, 0, 1, 0, 1, 1, 0, 1, 0, 1, 0, 0, 1, 0], [1, 1, 0, 1, 1, 1, 1, 0, 1, 0, 0, 0, 0, 0, 1], [1, 1, 0, 1, 1, 1, 1, 0, 1, 0, 1, 0, 0, 0, 0], [1, 0, 0, 1, 1, 0, 1, 0, 1, 0, 1, 1, 0, 0, 1], [1, 0, 0, 1, 1, 1, 1, 0, 1, 0, 1, 0, 1, 0, 0], [1, 1, 0, 1, 0, 1, 0, 0, 1, 0, 1, 1, 0, 1, 0], [1, 1, 0, 1, 1, 1, 0, 0, 1, 0, 0, 0, 0, 1, 1]], "fonction_de_voisinage": "voisinage", "objets": {"0": [394, 783, 840, 906, 823, 623], "1": [911, 198, 798, 820, 509, 443], "2": [768, 278, 335, 100, 429, 269], "3": [477, 629, 554, 933, 862, 375], "4": [513, 952, 365, 941, 208, 43], "5": [636, 717, 916, 493, 460, 572], "6": [607, 17, 142, 736, 15, 539], "7": [138, 804, 243, 318, 232, 37], "8": [401, 130, 157, 821, 610, 782], "9": [998, 219, 109, 181, 509, 214], "10": [839, 613, 513, 844, 734, 661], "11": [637, 524, 296, 23, 757, 181], "12": [972, 293, 494, 281, 717, 609], "13": [527, 770, 771, 380, 892, 50], "14": [891, 284, 400, 762, 720, 846]}, "W": 4854, "execution_time": 0.213862228, "n": 15, "p": 5}

Evaluations
[[5682, 4759, 6398, 5541, 3989], [5415, 4501, 6372, 4836, 3682], [5922, 4655, 5659, 5578, 3324], [5596, 5157, 6456, 5330, 3586], [3977, 3765, 5813, 4456, 4435], [4982, 3985, 6641, 5096, 3956], [5593, 4542, 5577, 5564, 3509], [5489, 4139, 5928, 5838, 3598], [4896, 4383, 6699, 4885, 3553], [5403, 4537, 5986, 5627, 3195], [5507, 4940, 5635, 5353, 3106], [5248, 4625, 4818, 5799, 3550], [4158, 4421, 5897, 4950, 4339], [4484, 3919, 5100, 5198, 4077], [4840, 3913, 5933, 4687, 3998], [3553, 3343, 5601, 4713, 4472], [4253, 4117, 5358, 5158, 4505], [3546, 4009, 5700, 4103, 4503], [4300, 3576, 5821, 3802, 4103], [4412, 4358, 5449, 5043, 4093], [3458, 3647, 6140, 4505, 4306], [3943, 4293, 5875, 5116, 4448], [4125, 3887, 6436, 4432, 4441], [4658, 4319, 5372, 5371, 4005], [4798, 5035, 5456, 5232, 3607], [4299, 4638, 5344, 4980, 4014], [4481, 4232, 5905, 4296, 4007], [4167, 4515, 5416, 4947, 4102], [4450, 4447, 5162, 5858, 4090], [4060, 3497, 4888, 5455, 4114], [4632, 4041, 5723, 5174, 4083], [4594, 3952, 6010, 4359, 4086], [4306, 3972, 5245, 5590, 3983], [4576, 3928, 5366, 4504, 4173], [4394, 4334, 4805, 5188, 4180], [4266, 4104, 5883, 4462, 4116], [3952, 4387, 5394, 5113, 4211], [3528, 4578, 5851, 4891, 4230], [3750, 3673, 5405, 5413, 4057], [3857, 4691, 5933, 4905, 4045], [3710, 4172, 6412, 4207, 4223], [4039, 4285, 6494, 4221, 4038], [3932, 3267, 5966, 4729, 4050], [4134, 3981, 5955, 4429, 4204], [4364, 4845, 5220, 5647, 3687], [4463, 4801, 6056, 5084, 3734]]

solution_optimale_estimee
[5682, 4759, 6398, 5541, 3989]

nb_question
2

valeur_sol_estimee
5447.174912334133

decideur
[0.15222990840403078, 0.17337732199837244, 0.2272232871875778, 0.33477335092299493, 0.11239613148702397]

solution_optimale
[5682, 4759, 6398, 5541, 3989]

valeur_sol_optimale
5447.174912334133

duree
81.64746308326721

gap(%)
0.0

real_opt
5447.174912334134

real_gap
1.4210854715202004e-14

real_solution_opt
[5682, 4759, 6398, 5541, 3989]