log
{"logType": "PLS1", "non_domines_approx": [[1, 0, 0, 1, 1, 1, 0, 1, 1, 0, 1, 1, 0, 1, 0, 1, 0, 1, 1, 0, 0, 1, 1], [1, 1, 0, 1, 1, 1, 0, 1, 1, 0, 1, 0, 0, 1, 0, 1, 0, 1, 1, 0, 0, 1, 1], [1, 1, 0, 1, 1, 1, 0, 1, 1, 0, 1, 1, 0, 1, 0, 1, 0, 1, 1, 0, 0, 1, 0], [1, 0, 0, 1, 1, 1, 0, 1, 1, 0, 1, 1, 0, 1, 0, 1, 0, 1, 1, 0, 1, 1, 0], [1, 0, 0, 1, 1, 1, 0, 1, 0, 0, 1, 1, 0, 1, 0, 1, 0, 1, 0, 0, 1, 1, 1], [1, 1, 0, 1, 1, 1, 0, 1, 1, 0, 0, 1, 0, 1, 0, 1, 0, 1, 1, 0, 1, 1, 0]], "fonction_de_voisinage": "voisinage", "objets": {"0": [394, 783, 840], "1": [911, 198, 798], "2": [768, 278, 335], "3": [477, 629, 554], "4": [513, 952, 365], "5": [636, 717, 916], "6": [607, 17, 142], "7": [138, 804, 243], "8": [401, 130, 157], "9": [998, 219, 109], "10": [839, 613, 513], "11": [637, 524, 296], "12": [972, 293, 494], "13": [527, 770, 771], "14": [891, 284, 400], "15": [807, 919, 353], "16": [949, 526, 70], "17": [193, 663, 86], "18": [349, 65, 890], "19": [458, 64, 21], "20": [970, 902, 239], "21": [267, 540, 851], "22": [760, 513, 375]}, "W": 7231, "execution_time": 0.019137556000003997, "n": 23, "p": 2}

Evaluations
[[8622, 7210], [8296, 7712], [8307, 7633], [9011, 7074], [9329, 6402], [8596, 7359]]

solution_optimale_estimee
[9011, 7074]

nb_question
2

valeur_sol_estimee
8161.893972250665

decideur
[0.5616386020912055, 0.43836139790879447]

solution_optimale
[9011, 7074]

valeur_sol_optimale
8161.893972250665

duree
0.3603222370147705

gap(%)
0.0