log
{"logType": "PLS1", "non_domines_approx": [[1, 0, 0, 1, 1, 1, 0, 1, 0, 0, 1, 1, 0, 1, 0, 1], [1, 1, 0, 1, 1, 1, 0, 1, 1, 0, 1, 0, 0, 1, 0, 0], [1, 1, 0, 1, 1, 1, 0, 1, 0, 0, 1, 0, 0, 1, 0, 1], [1, 0, 0, 1, 1, 1, 0, 1, 1, 0, 1, 0, 0, 1, 0, 1], [1, 0, 0, 1, 1, 1, 0, 1, 0, 0, 1, 0, 0, 1, 1, 1], [1, 1, 0, 1, 1, 1, 0, 1, 1, 0, 1, 0, 0, 0, 1, 0], [1, 1, 0, 1, 1, 1, 0, 1, 1, 0, 1, 0, 0, 0, 0, 1], [1, 1, 0, 1, 1, 0, 0, 1, 1, 0, 1, 0, 0, 1, 0, 1], [1, 0, 0, 1, 1, 0, 0, 1, 1, 0, 1, 0, 0, 1, 1, 1], [1, 0, 0, 1, 1, 1, 0, 1, 1, 0, 1, 0, 0, 0, 1, 1], [1, 1, 0, 1, 1, 0, 1, 1, 1, 0, 1, 0, 0, 0, 1, 0], [1, 1, 0, 1, 1, 0, 1, 1, 1, 0, 1, 0, 0, 0, 0, 1], [1, 0, 0, 1, 1, 0, 1, 1, 1, 0, 1, 0, 0, 0, 1, 1]], "fonction_de_voisinage": "voisinage", "objets": {"0": [394, 783, 840, 906], "1": [911, 198, 798, 820], "2": [768, 278, 335, 100], "3": [477, 629, 554, 933], "4": [513, 952, 365, 941], "5": [636, 717, 916, 493], "6": [607, 17, 142, 736], "7": [138, 804, 243, 318], "8": [401, 130, 157, 821], "9": [998, 219, 109, 181], "10": [839, 613, 513, 844], "11": [637, 524, 296, 23], "12": [972, 293, 494, 281], "13": [527, 770, 771, 380], "14": [891, 284, 400, 762], "15": [807, 919, 353, 830]}, "W": 5258, "execution_time": 0.04877238100000003, "n": 16, "p": 3}

Evaluations
[[6711, 4851, 5668], [5596, 5157, 6456], [6385, 5353, 6465], [6317, 4712, 6466], [6471, 4955, 6407], [5110, 4786, 6838], [5745, 4739, 6906], [5798, 4594, 6793], [5884, 4196, 6735], [5831, 4341, 6848], [4410, 4012, 7081], [5045, 3965, 7149], [5131, 3567, 7091]]

solution_optimale_estimee
[6385, 5353, 6465]

nb_question
4

valeur_sol_estimee
5921.245750912154

decideur
[0.11367836480859392, 0.4808093344452869, 0.4055123007461192]

solution_optimale
[6385, 5353, 6465]

valeur_sol_optimale
5921.245750912154

duree
5.849628210067749

gap(%)
0.0

real_opt
5921.245750912153

real_gap
-1.4210854715202004e-14

real_solution_opt
[6385, 5353, 6465]