log
{"logType": "PLS1", "non_domines_approx": [[1, 0, 0, 1, 1, 1, 1, 1, 1, 0, 1, 0, 0, 1, 0, 1, 0, 1, 1], [1, 0, 0, 1, 1, 1, 0, 1, 1, 0, 1, 1, 0, 1, 0, 1, 0, 1, 1], [1, 1, 0, 1, 1, 1, 1, 1, 1, 0, 1, 0, 0, 1, 0, 0, 0, 1, 1], [1, 0, 0, 1, 1, 1, 1, 1, 1, 0, 1, 0, 0, 1, 1, 0, 0, 1, 1], [1, 0, 0, 1, 1, 0, 1, 1, 1, 0, 1, 1, 0, 1, 0, 1, 0, 1, 1], [1, 1, 0, 1, 1, 1, 1, 1, 1, 0, 0, 0, 0, 1, 0, 1, 0, 1, 1], [1, 1, 0, 1, 1, 1, 0, 1, 1, 0, 0, 1, 0, 1, 0, 1, 0, 1, 1], [1, 0, 0, 1, 1, 1, 0, 1, 1, 0, 1, 1, 0, 1, 1, 0, 0, 1, 1], [1, 1, 0, 1, 1, 0, 1, 1, 1, 0, 1, 1, 0, 1, 0, 0, 0, 1, 1], [1, 0, 0, 1, 1, 0, 1, 1, 1, 0, 1, 1, 0, 1, 1, 0, 0, 1, 1], [1, 1, 0, 1, 1, 0, 1, 1, 1, 0, 0, 1, 0, 1, 0, 1, 0, 1, 1]], "fonction_de_voisinage": "voisinage", "objets": {"0": [394, 783, 840, 906, 823], "1": [911, 198, 798, 820, 509], "2": [768, 278, 335, 100, 429], "3": [477, 629, 554, 933, 862], "4": [513, 952, 365, 941, 208], "5": [636, 717, 916, 493, 460], "6": [607, 17, 142, 736, 15], "7": [138, 804, 243, 318, 232], "8": [401, 130, 157, 821, 610], "9": [998, 219, 109, 181, 509], "10": [839, 613, 513, 844, 734], "11": [637, 524, 296, 23, 757], "12": [972, 293, 494, 281, 717], "13": [527, 770, 771, 380, 892], "14": [891, 284, 400, 762, 720], "15": [807, 919, 353, 830, 584], "16": [949, 526, 70, 158, 371], "17": [193, 663, 86, 261, 582], "18": [349, 65, 890, 365, 784]}, "W": 6003, "execution_time": 0.023221450999999504, "n": 19, "p": 4}

Evaluations
[[7062, 5830, 7828, 6786], [7569, 5984, 7115, 7528], [6341, 6275, 7818, 6711], [6427, 5877, 7760, 6922], [6869, 5210, 7358, 7083], [6647, 6115, 7804, 6561], [7154, 6269, 7091, 7303], [6934, 6031, 7047, 7664], [6148, 5655, 7348, 7008], [6234, 5257, 7290, 7219], [6454, 5495, 7334, 6858]]

solution_optimale_estimee
[7569, 5984, 7115, 7528]

nb_question
4

valeur_sol_estimee
7031.7421358512365

decideur
[0.06312517111875397, 0.234799582154878, 0.3300616012530256, 0.37201364547334237]

solution_optimale
[7569, 5984, 7115, 7528]

valeur_sol_optimale
7031.7421358512365

duree
4.34056282043457

gap(%)
0.0

real_opt
7031.742135851238

real_gap
2.842170943040401e-14

real_solution_opt
[7569, 5984, 7115, 7528]