log
{"logType": "PLS1", "non_domines_approx": [[1, 0, 0, 1, 1, 1, 0, 1], [1, 0, 0, 1, 1, 0, 1, 1]], "fonction_de_voisinage": "voisinage", "objets": {"0": [394, 783, 840, 906, 823], "1": [911, 198, 798, 820, 509], "2": [768, 278, 335, 100, 429], "3": [477, 629, 554, 933, 862], "4": [513, 952, 365, 941, 208], "5": [636, 717, 916, 493, 460], "6": [607, 17, 142, 736, 15], "7": [138, 804, 243, 318, 232]}, "W": 2222, "execution_time": 0.0007879120000000017, "n": 8, "p": 4}

Evaluations
[[3885, 2918, 3591, 2585], [3185, 2144, 3834, 2140]]

solution_optimale_estimee
[3885, 2918, 3591, 2585]

nb_question
2

valeur_sol_estimee
3292.0794459787985

decideur
[0.22194673387727157, 0.33327147415621117, 0.3057348817538045, 0.13904691021271276]

solution_optimale
[3885, 2918, 3591, 2585]

valeur_sol_optimale
3292.0794459787985

duree
0.035492897033691406

gap(%)
0.0

real_opt
3292.079445978798

real_gap
-1.4210854715202004e-14

real_solution_opt
[3885, 2918, 3591, 2585]