log
{"logType": "PLS1", "non_domines_approx": [[1, 0, 0, 1, 1, 1, 0], [1, 0, 0, 1, 1, 0, 1], [1, 0, 0, 0, 1, 1, 1], [1, 0, 0, 1, 0, 1, 1]], "fonction_de_voisinage": "voisinage", "objets": {"0": [394, 783, 840, 906, 823, 623], "1": [911, 198, 798, 820, 509, 443], "2": [768, 278, 335, 100, 429, 269], "3": [477, 629, 554, 933, 862, 375], "4": [513, 952, 365, 941, 208, 43], "5": [636, 717, 916, 493, 460, 572], "6": [607, 17, 142, 736, 15, 539]}, "W": 2153, "execution_time": 0.0012117030000000084, "n": 7, "p": 5}

Evaluations
[[3081, 2675, 3273, 2353, 1613], [2381, 1901, 3516, 1908, 1580], [2469, 2263, 3076, 1506, 1777], [2146, 2452, 3068, 2160, 2109]]

solution_optimale_estimee
[3081, 2675, 3273, 2353, 1613]

nb_question
3

valeur_sol_estimee
2480.30644317722

decideur
[0.22583250778861844, 0.15467521979158602, 0.09280860566011694, 0.29386074720144584, 0.23282291955823278]

solution_optimale
[3081, 2675, 3273, 2353, 1613]

valeur_sol_optimale
2480.30644317722

duree
0.2947709560394287

gap(%)
0.0

real_opt
2480.30644317722

real_gap
0.0

real_solution_opt
[3081, 2675, 3273, 2353, 1613]