log
{"logType": "PLS1", "non_domines_approx": [[1, 1, 0, 1, 1, 1, 0, 1, 0, 0, 1, 0, 0], [1, 1, 0, 1, 1, 1, 1, 1, 1, 0, 0, 0, 0], [1, 1, 0, 1, 1, 1, 0, 1, 1, 0, 0, 1, 0], [1, 0, 0, 1, 1, 1, 1, 1, 1, 0, 1, 0, 0], [1, 0, 0, 1, 1, 1, 0, 1, 1, 0, 1, 1, 0], [1, 0, 0, 1, 1, 1, 0, 1, 0, 0, 1, 0, 1], [1, 1, 0, 1, 1, 0, 0, 1, 1, 0, 1, 0, 0], [1, 1, 0, 1, 1, 0, 1, 1, 1, 0, 0, 1, 0], [1, 0, 0, 1, 1, 0, 1, 1, 1, 0, 1, 1, 0], [1, 1, 0, 1, 1, 0, 1, 0, 1, 0, 1, 0, 0]], "fonction_de_voisinage": "voisinage", "objets": {"0": [394, 783, 840, 906, 823], "1": [911, 198, 798, 820, 509], "2": [768, 278, 335, 100, 429], "3": [477, 629, 554, 933, 862], "4": [513, 952, 365, 941, 208], "5": [636, 717, 916, 493, 460], "6": [607, 17, 142, 736, 15], "7": [138, 804, 243, 318, 232], "8": [401, 130, 157, 821, 610], "9": [998, 219, 109, 181, 509], "10": [839, 613, 513, 844, 734], "11": [637, 524, 296, 23, 757], "12": [972, 293, 494, 281, 717]}, "W": 4145, "execution_time": 0.024175469000000005, "n": 13, "p": 4}

Evaluations
[[4696, 4229, 5255, 3828], [4230, 4015, 5968, 3719], [4737, 4169, 5255, 4461], [4645, 3730, 5992, 3944], [5152, 3884, 5279, 4686], [4791, 3925, 4716, 4036], [4109, 3470, 5583, 3978], [4037, 3395, 5498, 4016], [4452, 3110, 5522, 4241], [3322, 3369, 6001, 3761]]

solution_optimale_estimee
[4645, 3730, 5992, 3944]

nb_question
4

valeur_sol_estimee
5318.48929363594

decideur
[0.05848386976290015, 0.04345073718451817, 0.6556594524851728, 0.24240594056740894]

solution_optimale
[4645, 3730, 5992, 3944]

valeur_sol_optimale
5318.48929363594

duree
3.6864869594573975

gap(%)
0.0