log
{"logType": "PLS1", "non_domines_approx": [[1, 1, 0, 1, 1, 1, 0, 1, 0, 0, 0], [1, 0, 0, 1, 1, 0, 0, 1, 1, 0, 1], [1, 0, 0, 1, 1, 1, 0, 1, 0, 0, 1], [1, 0, 1, 1, 1, 1, 0, 1, 1, 0, 0], [1, 0, 0, 1, 0, 1, 0, 1, 1, 0, 1], [1, 0, 0, 1, 1, 1, 1, 1, 1, 0, 0], [1, 1, 0, 1, 1, 1, 0, 0, 1, 0, 0], [1, 1, 1, 1, 0, 1, 0, 1, 0, 0, 0], [1, 1, 0, 1, 0, 1, 0, 1, 1, 0, 0], [1, 1, 0, 1, 1, 0, 0, 1, 0, 0, 1], [1, 0, 0, 1, 1, 1, 0, 0, 1, 0, 1], [1, 0, 0, 1, 0, 0, 0, 1, 1, 1, 1], [1, 0, 0, 1, 1, 0, 1, 0, 1, 0, 1], [1, 1, 0, 1, 0, 0, 0, 1, 1, 0, 1], [1, 1, 0, 1, 1, 0, 1, 0, 1, 0, 0]], "fonction_de_voisinage": "voisinage", "objets": {"0": [394, 783, 840, 906, 823], "1": [911, 198, 798, 820, 509], "2": [768, 278, 335, 100, 429], "3": [477, 629, 554, 933, 862], "4": [513, 952, 365, 941, 208], "5": [636, 717, 916, 493, 460], "6": [607, 17, 142, 736, 15], "7": [138, 804, 243, 318, 232], "8": [401, 130, 157, 821, 610], "9": [998, 219, 109, 181, 509], "10": [839, 613, 513, 844, 734]}, "W": 3341, "execution_time": 0.020448201, "n": 11, "p": 4}

Evaluations
[[4083, 3716, 4411, 3094], [3911, 2672, 4763, 3469], [4498, 3431, 4435, 3319], [4293, 3410, 4512, 3624], [3676, 3223, 4315, 3721], [4032, 3217, 5148, 3210], [3409, 3630, 4914, 3472], [3409, 3686, 3570, 3315], [3261, 3508, 4291, 3496], [3979, 3313, 4762, 3368], [3824, 3345, 4938, 3697], [3178, 2416, 4003, 3770], [3124, 2571, 5181, 3252], [3157, 3105, 4642, 3770], [2709, 2856, 5157, 3027]]

solution_optimale_estimee
[3824, 3345, 4938, 3697]

nb_question
3

valeur_sol_estimee
4076.0745173825608

decideur
[0.17837732068214918, 0.08064036724752746, 0.31007736255202095, 0.43090494951830244]

solution_optimale
[3824, 3345, 4938, 3697]

valeur_sol_optimale
4076.0745173825608

duree
6.6859540939331055

gap(%)
0.0