log
{"logType": "PLS1", "non_domines_approx": [[1, 0, 0, 1, 1, 1, 0, 1, 0, 0, 1, 1], [1, 0, 0, 1, 1, 1, 0, 1, 1, 0, 1, 0], [1, 1, 0, 1, 1, 1, 0, 1, 1, 0, 0, 0], [1, 0, 0, 1, 1, 0, 1, 1, 1, 0, 1, 0], [1, 1, 0, 1, 1, 0, 1, 1, 1, 0, 0, 0]], "fonction_de_voisinage": "voisinage", "objets": {"0": [394, 783, 840, 906], "1": [911, 198, 798, 820], "2": [768, 278, 335, 100], "3": [477, 629, 554, 933], "4": [513, 952, 365, 941], "5": [636, 717, 916, 493], "6": [607, 17, 142, 736], "7": [138, 804, 243, 318], "8": [401, 130, 157, 821], "9": [998, 219, 109, 181], "10": [839, 613, 513, 844], "11": [637, 524, 296, 23]}, "W": 3659, "execution_time": 0.006046393999999955, "n": 12, "p": 3}

Evaluations
[[5022, 3727, 4458], [4628, 3588, 5256], [4213, 3873, 5232], [3928, 2814, 5499], [3513, 3099, 5475]]

solution_optimale_estimee
[5022, 3727, 4458]

nb_question
3

valeur_sol_estimee
4242.858511722533

decideur
[0.3017525230556276, 0.5271271016153775, 0.17112037532899496]

solution_optimale
[5022, 3727, 4458]

valeur_sol_optimale
4242.858511722533

duree
0.5232987403869629

gap(%)
0.0

real_opt
4242.858511722533

real_gap
0.0

real_solution_opt
[5022, 3727, 4458]