log
{"logType": "PLS1", "non_domines_approx": [[1, 0, 0, 1, 1, 1, 0, 1, 1, 0, 1, 1, 0, 1, 1, 0, 0], [1, 0, 0, 1, 1, 1, 0, 1, 1, 0, 1, 0, 0, 1, 1, 1, 0], [1, 1, 0, 1, 1, 1, 0, 1, 1, 0, 1, 0, 0, 1, 1, 0, 0], [1, 1, 0, 1, 1, 1, 0, 1, 1, 0, 1, 0, 0, 1, 0, 1, 0], [1, 1, 0, 1, 1, 1, 0, 1, 1, 0, 1, 1, 0, 1, 0, 0, 0], [1, 0, 0, 1, 1, 1, 0, 1, 1, 0, 1, 1, 0, 1, 0, 1, 0], [1, 1, 0, 1, 1, 0, 0, 1, 1, 0, 1, 1, 0, 1, 1, 0, 0], [1, 0, 1, 1, 0, 1, 0, 1, 1, 0, 1, 1, 0, 1, 1, 0, 0], [1, 1, 0, 1, 1, 1, 0, 1, 1, 0, 0, 1, 0, 1, 1, 0, 0], [1, 0, 0, 1, 1, 0, 0, 1, 1, 0, 1, 1, 0, 1, 1, 1, 0], [1, 0, 0, 1, 0, 1, 1, 1, 1, 0, 1, 1, 0, 1, 1, 0, 0], [1, 0, 0, 1, 1, 1, 0, 1, 1, 0, 0, 1, 0, 1, 1, 1, 0], [1, 0, 0, 1, 1, 1, 0, 1, 1, 0, 1, 1, 1, 1, 0, 0, 0], [1, 0, 0, 1, 1, 1, 1, 1, 1, 0, 1, 0, 0, 1, 1, 0, 0], [1, 0, 0, 1, 0, 1, 1, 1, 1, 0, 1, 0, 0, 1, 1, 1, 0], [1, 0, 0, 1, 1, 0, 1, 1, 1, 0, 1, 0, 0, 1, 1, 1, 0], [1, 0, 0, 1, 1, 1, 0, 1, 1, 0, 1, 0, 1, 1, 0, 1, 0], [1, 0, 0, 1, 1, 1, 1, 1, 1, 0, 1, 0, 0, 0, 1, 1, 0], [1, 1, 0, 1, 1, 1, 0, 1, 1, 0, 0, 0, 0, 1, 1, 1, 0], [1, 0, 0, 1, 1, 1, 0, 1, 1, 0, 1, 0, 0, 1, 0, 1, 1], [1, 1, 0, 1, 1, 0, 1, 1, 1, 0, 1, 0, 0, 1, 1, 0, 0], [1, 1, 0, 1, 1, 0, 1, 1, 1, 0, 1, 0, 0, 1, 0, 1, 0], [1, 1, 0, 1, 1, 1, 0, 1, 1, 0, 0, 1, 0, 1, 0, 1, 0], [1, 1, 0, 1, 1, 1, 1, 1, 1, 0, 1, 0, 0, 0, 0, 1, 0], [1, 1, 0, 1, 1, 0, 0, 1, 1, 0, 1, 1, 0, 1, 0, 1, 0], [1, 1, 1, 1, 0, 1, 0, 1, 1, 0, 1, 1, 0, 1, 0, 0, 0], [1, 0, 0, 1, 1, 0, 0, 1, 1, 0, 1, 1, 1, 1, 0, 1, 0], [1, 0, 0, 1, 1, 1, 0, 1, 1, 0, 0, 1, 0, 1, 0, 1, 1], [1, 0, 1, 1, 0, 1, 0, 1, 1, 0, 1, 1, 0, 1, 0, 1, 0], [1, 0, 0, 1, 1, 0, 0, 1, 1, 0, 1, 1, 0, 1, 0, 1, 1], [1, 1, 0, 1, 1, 0, 0, 1, 1, 0, 0, 1, 0, 1, 1, 1, 0], [1, 0, 1, 1, 0, 1, 0, 1, 1, 0, 0, 1, 0, 1, 1, 1, 0], [1, 1, 0, 1, 0, 1, 1, 1, 1, 0, 0, 1, 0, 1, 1, 0, 0], [1, 0, 0, 1, 0, 0, 1, 1, 1, 0, 1, 1, 0, 1, 1, 1, 0], [1, 0, 0, 1, 0, 1, 1, 1, 1, 0, 1, 1, 1, 1, 0, 0, 0], [1, 0, 0, 1, 1, 1, 1, 1, 1, 0, 1, 0, 0, 1, 0, 0, 1], [1, 0, 0, 1, 1, 0, 1, 1, 1, 0, 0, 0, 0, 1, 1, 1, 1], [1, 1, 0, 1, 1, 0, 1, 1, 1, 0, 0, 0, 0, 1, 1, 1, 0], [1, 1, 1, 1, 0, 1, 0, 1, 1, 0, 0, 1, 0, 1, 0, 1, 0]], "fonction_de_voisinage": "voisinage", "objets": {"0": [394, 783, 840, 906, 823, 623], "1": [911, 198, 798, 820, 509, 443], "2": [768, 278, 335, 100, 429, 269], "3": [477, 629, 554, 933, 862, 375], "4": [513, 952, 365, 941, 208, 43], "5": [636, 717, 916, 493, 460, 572], "6": [607, 17, 142, 736, 15, 539], "7": [138, 804, 243, 318, 232, 37], "8": [401, 130, 157, 821, 610, 782], "9": [998, 219, 109, 181, 509, 214], "10": [839, 613, 513, 844, 734, 661], "11": [637, 524, 296, 23, 757, 181], "12": [972, 293, 494, 281, 717, 609], "13": [527, 770, 771, 380, 892, 50], "14": [891, 284, 400, 762, 720, 846], "15": [807, 919, 353, 830, 584, 389], "16": [949, 526, 70, 158, 371, 788]}, "W": 5732, "execution_time": 0.5646962060000007, "n": 17, "p": 5}

Evaluations
[[6206, 5055, 6421, 6298, 4170], [6601, 5112, 7228, 6125, 4378], [5880, 5557, 7218, 6050, 4432], [6515, 5510, 7286, 5914, 3975], [6120, 5453, 6479, 6087, 3767], [6841, 5008, 6489, 6162, 3713], [5687, 4937, 6748, 6347, 4041], [5532, 5025, 5580, 6519, 4396], [5791, 5340, 6397, 6073, 3952], [6408, 4492, 6758, 6422, 3987], [5271, 4832, 6216, 6105, 4666], [6512, 4895, 6407, 6148, 3898], [6215, 5149, 5940, 6295, 3933], [5699, 4901, 7134, 5556, 4528], [5666, 4889, 7023, 5932, 4874], [5901, 4338, 7471, 5680, 4345], [6610, 5206, 6747, 6122, 4141], [5848, 4483, 7584, 5248, 4867], [6186, 5397, 7204, 5900, 4160], [6843, 4782, 6624, 5776, 4320], [5180, 4783, 7461, 5605, 4399], [5815, 4736, 7529, 5469, 3942], [6426, 5293, 6465, 5937, 3495], [5762, 4881, 7642, 5037, 4464], [6322, 4890, 6816, 6211, 3584], [5446, 5423, 5638, 6308, 3993], [6417, 4586, 6277, 6419, 3750], [6754, 4565, 5803, 5799, 3840], [6167, 4978, 5648, 6383, 3939], [6650, 4162, 6154, 6073, 3929], [5993, 4777, 6734, 6197, 3769], [5838, 4865, 5566, 6369, 4124], [4856, 5117, 6192, 5880, 4448], [5473, 4269, 6553, 6229, 4483], [5280, 4926, 5735, 6102, 4429], [5941, 4571, 6530, 5207, 4470], [5814, 3895, 6785, 5317, 4472], [5486, 4623, 7447, 5455, 4127], [5752, 5263, 5624, 6158, 3721]]

solution_optimale_estimee
[5880, 5557, 7218, 6050, 4432]

nb_question
3

valeur_sol_estimee
5850.575069996836

decideur
[0.02527506657596247, 0.29964951883239, 0.3165333804023969, 0.1007472602641074, 0.25779477392514316]

solution_optimale
[5880, 5557, 7218, 6050, 4432]

valeur_sol_optimale
5850.575069996836

duree
80.45371794700623

gap(%)
0.0