log
{"logType": "PLS1", "non_domines_approx": [[1, 0, 0, 1, 1, 1, 0, 1, 1, 0], [1, 1, 0, 1, 1, 0, 0, 1, 1, 0], [1, 0, 0, 1, 1, 0, 0, 1, 1, 1], [1, 0, 1, 1, 0, 1, 0, 1, 1, 0]], "fonction_de_voisinage": "voisinage", "objets": {"0": [394, 783, 840, 906, 823], "1": [911, 198, 798, 820, 509], "2": [768, 278, 335, 100, 429], "3": [477, 629, 554, 933, 862], "4": [513, 952, 365, 941, 208], "5": [636, 717, 916, 493, 460], "6": [607, 17, 142, 736, 15], "7": [138, 804, 243, 318, 232], "8": [401, 130, 157, 821, 610], "9": [998, 219, 109, 181, 509]}, "W": 2921, "execution_time": 0.0031909809999999816, "n": 10, "p": 4}

Evaluations
[[4015, 3075, 4412, 3195], [3496, 2957, 4739, 3244], [3517, 2268, 4100, 3244], [3341, 3045, 3571, 3416]]

solution_optimale_estimee
[4015, 3075, 4412, 3195]

nb_question
3

valeur_sol_estimee
4056.2744405021544

decideur
[0.33407956794824056, 0.16452304836739848, 0.4988265904590672, 0.0025707932252938474]

solution_optimale
[4015, 3075, 4412, 3195]

valeur_sol_optimale
4056.2744405021544

duree
0.2568080425262451

gap(%)
0.0