log
{"logType": "PLS1", "non_domines_approx": [[1, 0, 0, 1, 0, 1], [1, 0, 0, 1, 1, 0], [0, 0, 0, 1, 1, 1], [1, 1, 0, 1, 0, 0], [1, 0, 0, 0, 1, 1], [1, 1, 0, 0, 1, 0]], "fonction_de_voisinage": "voisinage", "objets": {"0": [394, 783, 840, 906, 823, 623], "1": [911, 198, 798, 820, 509, 443], "2": [768, 278, 335, 100, 429, 269], "3": [477, 629, 554, 933, 862, 375], "4": [513, 952, 365, 941, 208, 43], "5": [636, 717, 916, 493, 460, 572]}, "W": 1849, "execution_time": 0.0021743860000000004, "n": 6, "p": 5}

Evaluations
[[2129, 2310, 2332, 2145, 1570], [2364, 1759, 2780, 1893, 1041], [2298, 1835, 2367, 1530, 990], [1610, 2192, 2659, 2194, 1441], [2452, 2121, 2340, 1491, 1238], [1933, 2003, 2667, 1540, 1109]]

solution_optimale_estimee
[2129, 2310, 2332, 2145, 1570]

nb_question
3

valeur_sol_estimee
2032.4704587964677

decideur
[0.18245630902637625, 0.09534048770464414, 0.1583085468939561, 0.29442488420189916, 0.26946977217312434]

solution_optimale
[2129, 2310, 2332, 2145, 1570]

valeur_sol_optimale
2032.4704587964677

duree
0.8976519107818604

gap(%)
0.0