log
{"logType": "PLS1", "non_domines_approx": [[1, 1, 0, 1, 1, 1, 0, 1, 1, 0, 1, 0, 0, 1, 0], [1, 0, 0, 1, 1, 1, 0, 1, 1, 0, 1, 1, 0, 1, 0], [1, 0, 0, 1, 1, 1, 0, 1, 1, 0, 1, 0, 0, 1, 1], [1, 1, 0, 1, 1, 1, 0, 1, 1, 0, 0, 1, 0, 1, 0], [1, 1, 0, 1, 1, 0, 1, 1, 1, 0, 1, 0, 0, 1, 0], [1, 1, 0, 1, 1, 0, 0, 1, 1, 0, 1, 1, 0, 1, 0], [1, 0, 0, 1, 1, 0, 0, 1, 1, 0, 1, 1, 0, 1, 1], [1, 0, 1, 1, 0, 1, 0, 1, 1, 0, 1, 1, 0, 1, 0], [1, 0, 0, 1, 1, 0, 1, 1, 1, 0, 1, 0, 0, 1, 1]], "fonction_de_voisinage": "voisinage", "objets": {"0": [394, 783, 840, 906, 823], "1": [911, 198, 798, 820, 509], "2": [768, 278, 335, 100, 429], "3": [477, 629, 554, 933, 862], "4": [513, 952, 365, 941, 208], "5": [636, 717, 916, 493, 460], "6": [607, 17, 142, 736, 15], "7": [138, 804, 243, 318, 232], "8": [401, 130, 157, 821, 610], "9": [998, 219, 109, 181, 509], "10": [839, 613, 513, 844, 734], "11": [637, 524, 296, 23, 757], "12": [972, 293, 494, 281, 717], "13": [527, 770, 771, 380, 892], "14": [891, 284, 400, 762, 720]}, "W": 4854, "execution_time": 0.0108005659999999, "n": 15, "p": 4}

Evaluations
[[5596, 5157, 6456, 5330], [5922, 4655, 5659, 5578], [5682, 4759, 6398, 5541], [5507, 4940, 5635, 5353], [4896, 4383, 6699, 4885], [5403, 4537, 5986, 5627], [5489, 4139, 5928, 5838], [5248, 4625, 4818, 5799], [4982, 3985, 6641, 5096]]

solution_optimale_estimee
[5682, 4759, 6398, 5541]

nb_question
4

valeur_sol_estimee
5521.086381979476

decideur
[0.32200817485797134, 0.2003495414851827, 0.10660043263234018, 0.3710418510245058]

solution_optimale
[5682, 4759, 6398, 5541]

valeur_sol_optimale
5521.086381979476

duree
2.578464984893799

gap(%)
1.4210854715202004e-14