log
{"logType": "PLS1", "non_domines_approx": [[1, 0, 0, 1, 0, 1, 0, 1, 1, 0, 1, 1], [1, 0, 0, 1, 1, 1, 0, 1, 0, 0, 1, 1], [1, 1, 0, 1, 1, 1, 0, 1, 1, 0, 0, 0], [1, 0, 0, 1, 1, 1, 0, 1, 1, 0, 0, 1], [1, 0, 0, 1, 1, 1, 0, 1, 1, 0, 1, 0], [1, 0, 1, 1, 0, 1, 0, 1, 1, 0, 1, 0], [1, 1, 0, 1, 0, 1, 0, 1, 1, 0, 0, 1], [1, 0, 0, 1, 1, 0, 0, 1, 1, 0, 1, 1], [1, 1, 0, 1, 1, 0, 1, 1, 1, 0, 0, 0], [1, 1, 0, 1, 1, 0, 0, 1, 1, 0, 0, 1], [1, 0, 0, 1, 1, 0, 1, 1, 1, 0, 1, 0]], "fonction_de_voisinage": "voisinage", "objets": {"0": [394, 783, 840, 906, 823], "1": [911, 198, 798, 820, 509], "2": [768, 278, 335, 100, 429], "3": [477, 629, 554, 933, 862], "4": [513, 952, 365, 941, 208], "5": [636, 717, 916, 493, 460], "6": [607, 17, 142, 736, 15], "7": [138, 804, 243, 318, 232], "8": [401, 130, 157, 821, 610], "9": [998, 219, 109, 181, 509], "10": [839, 613, 513, 844, 734], "11": [637, 524, 296, 23, 757]}, "W": 3659, "execution_time": 0.02210393200000005, "n": 12, "p": 4}

Evaluations
[[4200, 3519, 4338, 4478], [5022, 3727, 4458, 4076], [4213, 3873, 5232, 3704], [4539, 3371, 4435, 3952], [4628, 3588, 5256, 3929], [3954, 3558, 4415, 4150], [3785, 3804, 4314, 4253], [4435, 2968, 4786, 4226], [3513, 3099, 5475, 3259], [4020, 3253, 4762, 4001], [3928, 2814, 5499, 3484]]

solution_optimale_estimee
[4628, 3588, 5256, 3929]

nb_question
6

valeur_sol_estimee
4634.240267509337

decideur
[0.47433687643004996, 0.06573418980728507, 0.298488432259997, 0.16144050150266798]

solution_optimale
[4628, 3588, 5256, 3929]

valeur_sol_optimale
4634.240267509337

duree
7.362096786499023

gap(%)
0.0

real_opt
4634.240267509337

real_gap
0.0

real_solution_opt
[4628, 3588, 5256, 3929]