log
{"logType": "PLS1", "non_domines_approx": [[1, 0, 0, 1, 1, 0, 0, 1, 1], [1, 0, 0, 1, 1, 1, 0, 1, 0], [1, 0, 0, 1, 0, 1, 0, 1, 1], [1, 1, 0, 1, 0, 0, 0, 1, 1], [1, 0, 0, 1, 1, 1, 0, 0, 1], [1, 0, 0, 1, 1, 0, 1, 0, 1], [1, 0, 1, 1, 0, 1, 0, 1, 0]], "fonction_de_voisinage": "voisinage", "objets": {"0": [394, 783, 840, 906, 823], "1": [911, 198, 798, 820, 509], "2": [768, 278, 335, 100, 429], "3": [477, 629, 554, 933, 862], "4": [513, 952, 365, 941, 208], "5": [636, 717, 916, 493, 460], "6": [607, 17, 142, 736, 15], "7": [138, 804, 243, 318, 232], "8": [401, 130, 157, 821, 610]}, "W": 2422, "execution_time": 0.007059103999999983, "n": 9, "p": 4}

Evaluations
[[3298, 2159, 3919, 2735], [3885, 2918, 3591, 2585], [3063, 2710, 3471, 2987], [2544, 2592, 3798, 3036], [3211, 2832, 4094, 2963], [2511, 2058, 4337, 2518], [3211, 2888, 2750, 2806]]

solution_optimale_estimee
[3885, 2918, 3591, 2585]

nb_question
4

valeur_sol_estimee
3344.9709820643875

decideur
[0.2829359238365643, 0.28704628246092917, 0.29479907456994453, 0.13521871913256203]

solution_optimale
[3885, 2918, 3591, 2585]

valeur_sol_optimale
3344.9709820643875

duree
1.4754202365875244

gap(%)
0.0