log
{"logType": "PLS1", "non_domines_approx": [[1, 1, 0, 1, 0, 1, 0, 1, 1, 0, 1, 0, 0, 1], [1, 0, 0, 1, 0, 1, 0, 1, 1, 0, 1, 1, 0, 1], [1, 0, 0, 1, 1, 1, 0, 1, 1, 0, 1, 0, 0, 1], [1, 0, 0, 1, 0, 1, 1, 1, 1, 0, 1, 0, 0, 1], [1, 1, 0, 1, 0, 1, 1, 1, 1, 0, 1, 0, 0, 0], [1, 1, 0, 1, 0, 0, 1, 1, 1, 0, 1, 0, 0, 1], [1, 1, 0, 1, 0, 0, 0, 1, 1, 0, 1, 1, 0, 1], [1, 1, 0, 1, 1, 1, 0, 1, 1, 0, 0, 0, 0, 1], [1, 1, 0, 0, 1, 1, 0, 1, 1, 0, 1, 0, 0, 1], [1, 0, 0, 1, 0, 1, 0, 1, 1, 0, 1, 0, 1, 1], [1, 1, 0, 1, 1, 1, 0, 1, 1, 0, 1, 0, 0, 0], [1, 1, 0, 1, 0, 1, 0, 1, 1, 0, 0, 1, 0, 1], [1, 1, 0, 1, 1, 0, 0, 1, 1, 0, 1, 0, 0, 1], [1, 0, 0, 1, 1, 1, 0, 1, 0, 0, 1, 1, 0, 1], [1, 0, 0, 1, 1, 1, 1, 1, 1, 0, 0, 1, 0, 1], [1, 0, 0, 1, 0, 0, 0, 1, 1, 0, 1, 1, 1, 1], [1, 0, 0, 1, 1, 1, 0, 1, 1, 0, 1, 1, 0, 0], [1, 0, 0, 1, 0, 1, 1, 1, 1, 0, 1, 1, 0, 0], [1, 0, 0, 1, 1, 0, 0, 1, 1, 0, 1, 1, 0, 1], [1, 0, 0, 1, 1, 1, 1, 1, 1, 0, 1, 0, 0, 0], [1, 0, 1, 1, 1, 1, 0, 1, 0, 0, 1, 0, 0, 1], [1, 0, 0, 1, 1, 0, 0, 1, 1, 0, 1, 0, 1, 1], [1, 0, 0, 1, 1, 1, 1, 0, 1, 0, 1, 0, 0, 1], [1, 0, 0, 1, 1, 1, 0, 1, 1, 0, 1, 0, 1, 0], [1, 0, 0, 1, 0, 0, 1, 1, 1, 0, 1, 0, 1, 1], [1, 0, 1, 1, 0, 1, 1, 1, 1, 0, 1, 0, 0, 0], [1, 1, 0, 1, 1, 0, 1, 1, 1, 0, 1, 0, 0, 0], [1, 1, 0, 1, 1, 0, 0, 1, 1, 0, 0, 1, 0, 1], [1, 1, 0, 1, 1, 0, 0, 1, 1, 0, 1, 1, 0, 0], [1, 1, 1, 1, 1, 1, 0, 1, 0, 0, 0, 0, 0, 1], [1, 1, 0, 1, 1, 1, 0, 1, 0, 0, 0, 1, 0, 1], [1, 0, 0, 1, 1, 0, 0, 1, 1, 0, 1, 1, 1, 0], [1, 0, 0, 1, 1, 0, 1, 0, 1, 0, 1, 1, 0, 1], [1, 0, 0, 1, 1, 0, 1, 1, 1, 0, 1, 0, 1, 0]], "fonction_de_voisinage": "voisinage", "objets": {"0": [394, 783, 840, 906, 823, 623], "1": [911, 198, 798, 820, 509, 443], "2": [768, 278, 335, 100, 429, 269], "3": [477, 629, 554, 933, 862, 375], "4": [513, 952, 365, 941, 208, 43], "5": [636, 717, 916, 493, 460, 572], "6": [607, 17, 142, 736, 15, 539], "7": [138, 804, 243, 318, 232, 37], "8": [401, 130, 157, 821, 610, 782], "9": [998, 219, 109, 181, 509, 214], "10": [839, 613, 513, 844, 734, 661], "11": [637, 524, 296, 23, 757, 181], "12": [972, 293, 494, 281, 717, 609], "13": [527, 770, 771, 380, 892, 50]}, "W": 4409, "execution_time": 0.21236106200000004, "n": 14, "p": 5}

Evaluations
[[4644, 4792, 5515, 5122, 3543], [4970, 4290, 4718, 5370, 3281], [5398, 4359, 5636, 4821, 3143], [4463, 4136, 5431, 4628, 3639], [3891, 4163, 5871, 4245, 4032], [3944, 4018, 5758, 4677, 3510], [4451, 4172, 5045, 5419, 3152], [4983, 4644, 5612, 4596, 2925], [4967, 4603, 5523, 4468, 3211], [4739, 4488, 4976, 5330, 3709], [4826, 4386, 6076, 4438, 3536], [4555, 4575, 4694, 5145, 3063], [4879, 4241, 5963, 4870, 3014], [5792, 4498, 4838, 4968, 2542], [5326, 4284, 5551, 4859, 3202], [4546, 3868, 4506, 5627, 3318], [5152, 3884, 5279, 4686, 3274], [4217, 3661, 5074, 4493, 3770], [5205, 3739, 5166, 5118, 2752], [4645, 3730, 5992, 3944, 3632], [5546, 4537, 4915, 4640, 2630], [4974, 3937, 5424, 5078, 3180], [4611, 4258, 6054, 4604, 3645], [4921, 4082, 5537, 4646, 3702], [4039, 3714, 5219, 4885, 3676], [3971, 3700, 5151, 4165, 3858], [4126, 3612, 6319, 3993, 3503], [4790, 4024, 5142, 4893, 2534], [4633, 3766, 5606, 4735, 3145], [5131, 4822, 4891, 4415, 2412], [5377, 4783, 4814, 4743, 2324], [4728, 3462, 5067, 4943, 3311], [4418, 3638, 5584, 4901, 3254], [4221, 3308, 5780, 4201, 3669]]

solution_optimale_estimee
[5398, 4359, 5636, 4821, 3143]

nb_question
7

valeur_sol_estimee
4787.88493996523

decideur
[0.4859024938776528, 0.1781729478681944, 0.13100158213291985, 0.003533711207407128, 0.20138926491382575]

solution_optimale
[5398, 4359, 5636, 4821, 3143]

valeur_sol_optimale
4787.88493996523

duree
152.30854201316833

gap(%)
0.0

real_opt
4787.88493996523

real_gap
0.0

real_solution_opt
[5398, 4359, 5636, 4821, 3143]