log
{"logType": "PLS1", "non_domines_approx": [[1, 0, 0, 1, 1, 1, 0, 1], [1, 0, 0, 1, 1, 0, 1, 1]], "fonction_de_voisinage": "voisinage", "objets": {"0": [394, 783, 840, 906, 823, 623], "1": [911, 198, 798, 820, 509, 443], "2": [768, 278, 335, 100, 429, 269], "3": [477, 629, 554, 933, 862, 375], "4": [513, 952, 365, 941, 208, 43], "5": [636, 717, 916, 493, 460, 572], "6": [607, 17, 142, 736, 15, 539], "7": [138, 804, 243, 318, 232, 37]}, "W": 2222, "execution_time": 0.0005570239999999615, "n": 8, "p": 5}

Evaluations
[[3885, 2918, 3591, 2585, 1650], [3185, 2144, 3834, 2140, 1617]]

solution_optimale_estimee
[3885, 2918, 3591, 2585, 1650]

nb_question
2

valeur_sol_estimee
2559.6159793079737

decideur
[0.14649683613001532, 0.10590043165295283, 0.06959608519901757, 0.3345751891445475, 0.34343145787346685]

solution_optimale
[3885, 2918, 3591, 2585, 1650]

valeur_sol_optimale
2559.6159793079737

duree
0.03076791763305664

gap(%)
0.0