log
{"logType": "PLS1", "non_domines_approx": [[1, 1, 0, 1, 1, 1, 0, 1, 1, 0, 0, 0, 0, 1], [1, 0, 0, 1, 1, 1, 0, 1, 1, 0, 1, 0, 0, 1], [1, 0, 0, 1, 1, 1, 0, 1, 0, 0, 1, 1, 0, 1], [1, 1, 0, 1, 0, 1, 0, 1, 1, 0, 1, 0, 0, 1], [1, 1, 0, 1, 1, 0, 0, 1, 1, 0, 1, 0, 0, 1], [1, 1, 1, 1, 1, 1, 0, 1, 0, 0, 0, 0, 0, 1], [1, 1, 0, 1, 1, 1, 0, 1, 0, 0, 0, 1, 0, 1], [1, 1, 0, 1, 1, 1, 0, 1, 1, 0, 1, 0, 0, 0], [1, 1, 0, 1, 1, 0, 1, 1, 1, 0, 1, 0, 0, 0], [1, 0, 1, 1, 1, 1, 0, 1, 0, 0, 1, 0, 0, 1]], "fonction_de_voisinage": "voisinage", "objets": {"0": [394, 783, 840, 906], "1": [911, 198, 798, 820], "2": [768, 278, 335, 100], "3": [477, 629, 554, 933], "4": [513, 952, 365, 941], "5": [636, 717, 916, 493], "6": [607, 17, 142, 736], "7": [138, 804, 243, 318], "8": [401, 130, 157, 821], "9": [998, 219, 109, 181], "10": [839, 613, 513, 844], "11": [637, 524, 296, 23], "12": [972, 293, 494, 281], "13": [527, 770, 771, 380]}, "W": 4409, "execution_time": 0.034585482, "n": 14, "p": 3}

Evaluations
[[4983, 4644, 5612], [5398, 4359, 5636], [5792, 4498, 4838], [4644, 4792, 5515], [4879, 4241, 5963], [5131, 4822, 4891], [5377, 4783, 4814], [4826, 4386, 6076], [4126, 3612, 6319], [5546, 4537, 4915]]

solution_optimale_estimee
[5792, 4498, 4838]

nb_question
3

valeur_sol_estimee
5177.0634101189935

decideur
[0.518221925760129, 0.45682443251814847, 0.024953641721722493]

solution_optimale
[5792, 4498, 4838]

valeur_sol_optimale
5177.0634101189935

duree
2.7826859951019287

gap(%)
0.0

real_opt
5177.063410118993

real_gap
-1.4210854715202004e-14

real_solution_opt
[5792, 4498, 4838]